# Number of flights	Number of gates needed
131	18
121	20
365	43
188	26
191	22
1182	127
139	20
573	67
176	21
239	32
289	37
940	101
169	27
600	69
865	88
349	43
642	74
446	49
560	65
262	30
399	54
116	20
270	37
359	51
153	19
869	117
431	54
481	57
130	21
103	14
178	21
1205	150
178	22
145	22
224	28
1438	166
206	28
472	78
268	35
195	28
527	58
173	23
178	29
387	47
510	55
188	28
114	16
1455	157
110	15
417	51
387	53
346	52
902	103
296	47
176	26
147	19
106	18
112	17
119	20
385	64
233	29
230	32
274	49
1291	151
150	19
105	14
608	67
199	28
259	40
321	36
934	107
172	28
587	74
928	96
356	45
713	74
468	56
265	29
550	63
134	19
319	45
358	53
147	21
937	122
421	67
449	60
358	66
124	18
167	22
401	77
217	31
164	26
265	33
2038	227
238	29
642	86
301	40
224	29
563	62
193	24
259	33
984	113
436	69
227	28
121	21
1531	166
116	15
120	15
382	48
1281	159
462	65
118	20
273	46
208	26
142	19
111	17
109	15
120	20
407	47
217	29
215	32
159	28
1248	139
174	21
102	13
585	65
185	23
267	38
314	36
1201	130
162	24
560	65
897	95
324	40
690	74
441	50
280	32
526	63
138	20
323	43
268	42
134	20
940	119
318	52
429	51
295	47
125	18
146	20
341	39
200	30
179	24
259	35
2014	215
224	28
630	84
285	35
224	29
564	60
186	24
240	29
114	17
267	30
226	29
113	19
1521	161
111	15
122	15
326	41
1261	157
439	61
920	103
228	34
203	26
123	17
120	20
353	44
188	27
177	24
1133	138
134	18
524	58
162	23
219	34
301	36
946	125
181	25
640	77
788	77
350	45
648	75
480	57
255	30
510	63
127	18
252	38
348	45
135	19
877	108
370	52
393	50
411	51
119	17
164	24
346	49
173	30
175	29
200	29
1868	205
172	25
590	81
260	37
200	32
521	62
151	21
164	26
101	15
431	49
192	26
100	16
1300	155
421	55
392	45
1041	135
410	58
815	96
263	47
171	23
137	19
122	20
399	45
203	26
203	23
213	38
1202	131
124	17
589	61
186	23
243	35
296	36
519	65
151	24
548	69
862	87
339	40
671	74
471	56
259	31
508	60
286	37
362	50
138	18
874	108
394	56
419	52
467	55
133	21
156	23
457	51
187	25
151	23
1917	212
208	26
616	83
288	35
199	28
540	60
176	22
211	28
104	15
440	61
214	28
1435	149
109	14
113	14
346	45
1116	135
337	56
846	95
254	42
196	25
134	18
122	19
412	61
230	31
217	30
1244	145
130	17
616	66
195	25
259	37
291	35
344	45
129	19
535	66
909	98
324	39
704	75
454	52
543	72
258	29
469	61
327	43
372	50
110	16
887	117
411	49
433	52
370	57
121	19
141	21
1161	148
211	29
118	18
233	30
1892	205
216	27
573	76
316	38
213	25
533	63
184	21
266	35
115	19
348	59
222	29
1461	155
115	15
110	15
316	39
231	43
373	54
877	98
268	42
200	26
116	15
106	18
356	50
208	26
205	27
1130	133
140	18
547	68
178	23
267	38
260	38
689	93
148	23
521	69
802	95
315	40
680	77
449	50
462	55
233	27
470	56
326	40
370	48
121	16
769	115
495	56
425	57
435	53
120	17
102	17
132	19
1009	145
206	31
102	16
237	31
1853	200
202	25
526	74
354	41
194	24
478	65
172	22
255	33
108	20
382	50
207	24
104	14
1468	157
101	17
101	15
328	41
252	32
293	46
773	98
254	46
211	28
124	18
100	15
104	18
374	51
216	25
220	30
107	15
1145	137
171	23
659	72
196	26
304	43
275	39
1278	143
172	23
564	73
836	98
342	44
708	78
453	52
565	61
236	27
519	62
139	19
343	43
395	52
139	20
858	113
562	60
474	63
545	64
150	21
114	16
142	20
1076	155
208	32
102	13
169	29
265	35
1991	218
213	25
542	78
395	48
230	30
483	62
174	26
266	35
112	19
488	60
224	27
143	18
1494	157
113	16
111	17
360	45
433	54
453	61
838	103
258	46
224	29
120	17
108	18
112	19
404	54
230	29
224	29
110	15
1217	147
177	28
677	72
221	29
311	42
289	38
1282	155
184	26
589	77
895	98
355	47
745	78
482	55
625	72
242	27
537	64
152	21
342	43
407	53
148	21
874	114
601	65
479	64
586	69
157	23
120	17
144	20
1189	165
223	32
109	16
219	36
293	38
2091	224
222	26
581	78
404	47
242	31
510	63
173	24
256	31
108	15
523	64
233	26
142	19
1506	160
114	17
120	18
379	46
425	54
520	65
981	113
293	48
230	30
122	17
101	14
111	18
118	19
407	55
231	27
227	29
116	17
1221	143
177	28
678	72
215	28
314	43
289	38
1321	144
177	24
582	74
901	101
353	46
755	79
483	55
590	78
258	28
537	64
152	20
347	43
403	54
149	21
893	117
570	65
480	62
585	71
162	23
126	17
144	20
1190	163
223	32
109	15
225	39
289	38
2048	223
227	26
587	79
389	47
242	32
513	64
184	25
275	37
114	19
524	67
235	27
137	18
1528	160
113	17
121	17
377	46
426	55
528	72
988	116
302	50
233	29
115	19
296	41
154	23
151	23
986	129
113	18
505	56
141	19
197	30
229	33
1023	125
180	30
594	77
699	87
306	42
624	76
474	55
238	28
380	55
114	17
233	37
296	41
124	17
721	110
323	42
371	54
114	17
167	25
874	139
151	25
128	28
173	26
1577	183
160	24
437	68
241	36
163	25
429	62
122	18
164	25
372	51
368	56
150	23
1229	142
369	55
359	55
301	49
313	47
734	90
229	52
181	27
110	17
107	17
112	19
360	44
196	25
199	24
107	17
1139	117
155	24
586	66
195	28
284	42
272	34
1312	156
174	25
581	77
844	88
342	47
717	85
484	52
541	63
240	28
494	62
139	22
297	45
365	53
139	19
832	118
505	60
497	57
140	22
114	16
147	22
1103	149
193	26
210	34
233	38
1978	219
199	25
564	79
362	42
220	31
476	58
163	24
219	32
368	47
478	62
198	25
132	21
1504	165
110	17
415	54
378	53
480	64
909	110
283	53
217	29
121	17
108	16
116	18
108	18
403	54
231	27
231	30
117	17
1204	147
185	28
606	75
223	30
314	43
286	39
1441	158
176	25
581	76
878	98
351	46
730	78
479	56
624	82
238	27
548	66
151	20
342	43
403	54
146	21
880	117
599	65
481	64
580	71
157	23
123	18
138	20
1212	166
222	32
113	16
230	39
295	39
2090	224
225	26
584	78
403	47
246	28
507	64
186	25
274	37
118	19
512	65
231	27
145	18
1553	164
111	17
120	18
373	46
444	56
534	70
977	115
305	49
231	28
120	18
110	16
104	18
379	53
227	28
209	27
108	16
1138	134
175	24
595	73
203	27
298	42
259	37
1320	138
175	25
551	73
822	97
338	42
685	77
457	51
589	73
226	26
518	61
144	18
338	42
383	51
135	19
784	112
587	64
462	63
541	70
143	22
118	17
132	19
1053	153
210	32
104	14
216	37
267	35
1990	220
213	27
537	76
389	47
222	27
476	64
175	23
265	37
113	19
477	61
217	27
139	19
1506	159
106	17
115	18
351	45
356	42
492	69
848	104
287	49
219	28
123	18
110	15
104	18
383	53
226	26
222	30
110	15
1132	139
172	26
667	71
209	28
316	47
274	39
1429	154
177	25
561	73
852	99
346	43
596	65
461	52
566	65
232	27
538	64
145	20
346	43
398	53
142	21
864	112
695	76
473	64
551	66
153	20
119	17
134	20
1086	154
215	32
106	14
216	36
271	36
2042	222
217	25
542	79
388	48
238	31
486	63
178	26
267	37
118	19
475	60
225	28
143	19
1518	161
112	16
118	18
364	46
441	56
512	65
874	109
291	49
227	30
123	17
100	14
116	18
110	19
407	54
234	29
226	30
102	15
1205	148
184	28
678	72
224	30
319	46
284	37
1374	146
184	26
584	75
899	101
356	46
592	66
485	56
640	78
238	27
540	65
153	20
347	43
408	54
147	21
883	114
737	79
485	64
585	70
161	23
124	17
138	20
1196	165
224	32
113	16
229	39
291	37
2102	224
228	26
584	79
407	47
247	31
505	63
186	25
274	37
118	19
516	66
233	27
147	19
1546	163
113	17
118	17
377	46
451	57
526	70
991	112
307	49
232	30
124	17
102	14
112	18
118	19
408	55
232	27
232	30
117	17
1217	146
183	28
678	71
224	28
321	45
277	37
1403	150
180	25
586	75
901	100
358	46
600	65
484	56
627	81
254	28
554	66
154	21
348	43
408	54
147	20
890	117
749	79
486	64
589	72
162	23
126	17
140	20
1214	167
224	32
110	16
233	39
296	40
2108	224
228	26
580	78
407	47
248	31
496	64
184	25
275	37
118	19
519	66
236	27
147	19
1567	165
112	16
124	18
379	46
449	56
540	70
1006	118
307	49
236	30
115	19
314	44
156	23
151	23
987	128
116	18
516	58
149	20
199	31
222	31
936	121
182	31
597	77
700	86
309	43
327	42
479	55
234	28
372	53
113	17
231	37
299	40
129	19
723	110
614	76
378	53
115	18
160	24
871	138
149	25
126	28
176	27
1554	187
161	24
420	72
250	37
162	26
420	60
125	19
165	26
376	51
448	57
155	24
1259	145
386	52
366	59
292	49
313	47
740	91
233	52
178	26
110	17
104	16
112	19
369	46
194	25
193	24
100	17
1125	112
150	23
590	69
192	26
279	41
257	34
1297	156
172	24
576	75
834	84
327	46
424	56
480	53
539	62
236	28
434	59
131	19
297	45
355	52
137	17
816	115
703	82
477	53
134	22
107	15
149	22
1107	152
192	26
203	33
227	36
1747	206
196	24
497	76
317	38
217	31
446	55
161	23
217	31
363	45
502	62
192	24
127	20
1515	163
108	18
412	52
367	53
352	54
910	110
286	52
209	27
123	17
101	14
115	18
108	18
410	55
232	27
231	28
114	15
1210	148
181	28
603	75
226	30
321	46
281	38
1341	155
174	25
577	75
884	99
353	46
577	62
482	56
627	81
236	27
533	62
151	21
343	43
399	54
142	20
882	116
730	79
478	65
556	65
154	23
121	18
136	20
1213	166
224	32
110	15
226	39
295	39
2030	218
226	26
575	77
381	44
239	28
507	62
183	25
272	36
118	19
516	65
233	27
144	19
1565	164
113	17
122	18
373	45
436	57
500	66
997	116
305	49
235	29
120	17
104	16
104	18
369	51
226	28
214	28
106	17
1094	125
159	26
524	63
164	25
269	37
249	35
1287	139
148	20
475	65
765	85
300	43
175	60
397	51
286	76
224	26
488	58
133	17
332	42
190	52
762	109
667	75
258	63
344	67
136	21
108	18
1034	144
209	32
103	14
178	33
239	32
1883	217
204	26
523	74
232	45
220	26
458	60
171	24
267	37
111	19
220	55
220	27
117	18
1427	150
107	17
100	15
286	42
404	51
451	69
813	103
167	29
203	27
121	18
108	15
102	18
377	53
230	26
223	29
104	14
1127	133
167	24
629	70
186	27
292	42
274	39
1297	139
168	24
527	67
822	92
328	41
693	76
430	50
444	65
232	27
525	63
141	20
334	42
336	51
120	18
854	112
382	57
451	55
401	55
143	20
103	16
117	18
1066	153
212	32
204	34
255	36
1987	214
215	25
536	78
329	44
229	30
483	63
171	24
266	37
856	107
363	57
223	27
130	18
1485	156
113	16
112	18
340	45
422	54
477	60
116	19
267	50
216	29
121	17
104	15
113	18
111	19
409	54
230	29
226	30
116	17
1213	149
184	28
676	72
224	29
315	43
288	38
1423	154
182	26
586	77
901	100
356	46
584	61
482	56
633	78
237	27
543	64
149	21
320	43
407	54
145	21
877	115
741	79
481	64
578	67
159	23
121	17
133	20
1197	167
223	32
110	15
223	36
290	38
2090	223
202	24
583	79
405	47
246	31
510	63
163	25
264	35
115	19
516	65
231	26
144	19
1516	160
111	17
120	18
378	46
446	56
527	70
911	113
304	48
233	29
121	16
105	17
118	19
404	54
231	27
232	30
106	13
1214	146
172	28
662	70
215	26
305	41
289	38
1099	149
178	25
569	73
886	100
348	46
585	66
479	54
622	79
253	28
531	65
150	21
254	37
399	54
147	21
876	116
739	78
476	63
570	72
158	22
118	16
136	20
1195	165
221	32
217	38
276	39
2039	216
200	26
572	77
396	46
232	30
499	63
156	25
238	30
118	19
516	67
234	27
140	18
1494	158
112	17
119	18
372	46
376	52
517	70
734	103
305	50
153	22
116	19
315	43
156	23
151	23
987	126
117	18
522	58
147	20
208	33
225	32
1033	125
179	29
595	76
710	89
313	44
322	41
481	55
235	28
381	55
116	17
226	37
300	39
128	19
724	110
622	77
372	54
115	17
155	23
866	138
151	25
126	24
174	27
1597	187
161	24
434	68
250	35
162	26
416	59
122	18
157	24
376	50
442	57
152	23
1249	144
386	55
365	59
292	46
321	46
718	91
221	53
180	27
110	17
108	17
112	19
376	46
196	25
197	24
101	16
1152	116
147	23
588	68
190	27
273	41
267	35
1164	144
175	25
579	77
843	86
344	48
506	59
481	52
535	62
235	28
484	61
136	22
291	44
364	54
142	20
826	118
716	85
410	54
502	57
138	21
106	14
144	22
1092	148
197	26
100	16
203	34
227	37
1971	219
199	25
556	77
356	42
207	29
467	56
163	25
216	32
100	15
509	64
197	25
128	20
1518	166
106	16
367	47
254	44
475	64
918	112
284	50
216	29
120	16
101	14
111	17
107	18
397	54
224	27
230	29
109	15
1200	148
162	23
595	75
215	30
304	41
283	37
1122	118
172	25
578	76
876	101
344	46
565	63
477	55
615	78
235	27
533	64
147	19
331	43
398	53
146	21
872	116
723	79
475	64
572	72
151	23
116	18
129	19
1141	153
217	32
107	13
168	38
279	38
2068	224
221	25
581	79
396	45
230	27
498	63
181	25
271	37
957	116
511	65
233	27
136	19
1550	164
111	17
116	18
375	46
352	42
516	69
116	19
293	47
222	29
102	15
104	18
349	49
219	27
209	27
1123	131
139	21
460	66
136	24
258	36
261	36
1018	113
160	23
512	70
809	96
301	41
527	59
400	51
222	26
487	60
113	15
198	30
356	52
117	17
763	111
666	77
423	59
492	67
123	20
104	17
124	19
333	39
201	30
124	21
246	32
840	170
181	22
522	74
351	45
196	24
468	64
135	20
217	34
114	19
454	58
217	26
119	19
1287	140
105	17
556	72
311	41
1040	149
444	62
310	47
266	44
122	18
104	18
350	44
219	26
213	29
1101	124
155	23
619	68
162	23
260	34
273	38
1311	143
163	22
522	67
802	90
301	40
680	74
421	47
557	62
231	27
511	60
124	17
291	36
368	49
120	18
844	112
521	57
515	64
142	19
105	15
123	19
385	46
210	32
175	27
251	33
552	65
197	25
535	77
358	43
219	29
485	63
163	23
238	33
325	43
477	60
213	27
131	17
699	93
1398	149
108	16
418	53
1063	150
456	60
112	19
267	46
146	25
120	17
104	16
112	19
396	52
234	29
225	30
1205	146
169	26
662	72
202	30
299	40
284	37
1233	144
171	25
562	74
891	99
331	46
546	60
459	55
624	74
238	27
507	60
143	21
324	41
394	54
134	19
862	113
731	78
457	59
561	66
145	21
108	16
131	20
298	49
218	32
208	37
269	35
1305	174
218	26
572	77
385	45
221	29
505	62
181	25
273	36
356	45
514	65
227	27
131	17
945	113
1514	163
111	17
104	16
102	13
1103	164
466	65
116	19
287	49
224	29
119	16
112	18
118	19
409	55
231	27
234	30
111	15
1222	144
174	28
684	72
213	27
319	45
289	38
1389	151
174	24
575	74
897	101
352	46
574	62
477	55
635	83
254	28
528	61
150	21
344	43
402	54
143	21
889	117
746	79
577	69
160	23
120	16
136	20
416	52
222	31
215	37
291	39
1873	210
224	26
570	75
399	45
244	32
509	63
180	25
269	36
370	45
522	66
233	26
145	20
966	117
1530	160
114	17
119	18
470	64
1139	163
505	66
116	19
301	49
233	30
