# Slack (mins)	Magnitude of delay (mins)
0	1
0	1
0	1
0	1
0	1
0	1
0	1
0	1
0	1
0	1
0	1
0	1
0	1
0	1
0	1
0	1
0	1
0	1
0	1
0	1
0	1
0	2
0	1
0	1
0	1
0	1
0	1
0	1
0	1
0	1
0	1
0	1
0	1
0	1
0	1
0	1
0	1
0	1
0	1
0	1
0	1
0	1
0	1
0	1
0	1
0	1
0	1
0	1
0	1
0	1
0	1
0	1
0	1
0	1
0	1
0	3
0	3
0	1
0	1
0	3
0	1
5	9
0	1
0	1
0	1
0	1
0	1
0	1
0	1
0	1
0	1
0	2
0	1
0	1
0	1
0	1
0	1
0	2
0	1
0	2
0	1
0	1
0	1
0	1
0	1
0	1
0	1
8	8
0	1
0	1
0	1
0	2
0	1
0	1
0	2
0	1
0	1
0	4
0	1
0	1
0	1
0	1
0	1
0	1
2	7
0	1
5	8
0	1
0	1
0	1
0	1
10	9
0	1
0	1
0	1
0	1
0	2
0	1
0	1
0	1
5	4
0	2
0	1
0	2
1	2
0	1
0	1
0	1
0	2
0	1
0	1
0	1
0	1
0	1
0	1
0	1
0	1
0	1
0	1
0	1
0	2
0	1
0	1
0	1
0	1
0	1
0	1
0	1
0	1
0	2
0	1
0	1
0	1
0	1
0	1
0	2
0	1
0	1
0	1
0	1
10	9
0	1
0	1
0	1
0	1
5	10
0	1
0	1
0	1
0	1
0	1
0	1
0	1
0	1
0	1
0	2
0	1
0	2
0	1
0	5
0	1
0	5
0	1
0	1
0	1
0	1
0	1
0	1
0	1
0	1
0	1
0	1
0	1
0	2
0	1
0	1
0	1
0	1
0	1
0	1
0	1
0	1
0	1
0	1
0	2
0	1
0	1
0	1
0	2
0	1
0	1
0	1
0	1
0	1
0	1
0	1
0	1
0	1
0	1
0	1
0	1
0	1
0	1
0	1
0	1
0	1
0	1
0	1
0	1
0	1
0	1
0	1
0	1
0	1
0	1
0	1
0	1
0	1
0	1
0	1
0	1
0	1
0	1
0	1
0	1
0	1
0	1
0	1
0	1
0	1
0	2
0	1
0	1
0	1
0	1
0	1
0	1
0	1
0	1
0	1
0	1
0	1
0	1
0	1
0	1
0	1
0	1
0	1
0	1
0	1
0	1
0	1
0	2
0	1
0	1
0	1
0	1
0	1
0	1
0	1
0	2
0	1
0	1
0	1
5	8
0	1
0	1
0	1
0	1
0	1
0	1
0	2
0	1
0	1
0	1
0	1
0	1
0	1
0	1
0	1
0	1
0	1
0	1
0	2
0	1
0	1
0	1
0	1
0	1
0	2
0	2
0	1
0	1
0	1
0	2
0	1
0	1
0	1
0	1
0	1
0	1
0	1
10	11
0	1
0	1
0	1
5	6
0	1
0	1
0	1
0	1
0	1
0	1
0	2
0	1
0	1
7	9
15	12
0	1
0	1
0	1
0	1
0	1
0	1
0	1
0	1
0	1
0	1
0	1
0	1
0	4
0	1
0	1
0	1
0	1
0	1
0	1
0	1
0	1
0	1
0	1
0	1
0	1
0	1
0	1
0	1
0	1
0	1
0	1
0	1
0	1
0	1
0	1
0	1
0	1
0	1
0	1
5	7
0	1
0	1
0	3
0	1
0	3
0	1
0	1
0	1
0	1
0	1
0	2
0	1
0	1
0	1
0	1
10	11
10	13
0	1
10	12
0	1
0	2
0	1
0	2
0	1
0	1
0	1
0	1
0	1
0	1
0	1
0	1
0	1
0	1
0	1
0	1
1	3
0	1
0	1
0	1
0	1
0	1
0	1
0	1
0	1
0	1
0	1
0	1
0	4
0	2
0	1
0	1
0	1
0	1
0	1
0	1
0	1
0	1
0	1
0	1
5	10
0	1
0	3
0	1
0	1
0	4
0	1
0	1
0	1
0	1
0	1
0	1
0	1
0	1
0	1
0	1
0	1
10	6
0	2
9	13
0	1
0	2
0	1
0	1
0	1
0	1
0	1
0	1
0	1
0	1
0	1
0	2
0	1
0	1
0	2
0	1
1	2
0	1
0	1
0	1
0	1
0	1
0	1
0	1
0	1
0	2
0	2
0	1
0	2
0	2
0	1
0	1
0	1
0	1
0	1
0	1
0	1
0	1
0	1
0	1
0	1
0	1
0	1
0	1
0	1
0	4
0	1
0	1
0	1
0	1
0	1
0	1
0	1
0	1
0	3
0	1
0	1
8	6
10	9
0	2
0	2
0	1
0	1
0	1
0	2
0	1
0	1
0	1
0	1
0	1
0	1
0	1
0	1
0	1
0	1
0	2
0	1
2	3
0	1
0	1
0	2
0	1
0	1
0	1
0	1
0	1
0	2
0	1
0	1
0	6
0	1
0	1
0	1
0	1
0	1
0	1
0	1
0	1
0	1
0	1
0	1
5	6
0	1
0	1
0	6
0	1
0	13
0	1
0	1
0	1
0	1
0	1
0	1
0	1
0	1
0	2
5	6
5	7
0	1
1	2
0	1
0	1
0	1
0	2
0	1
0	1
0	1
0	1
0	1
0	1
0	1
0	1
0	1
0	9
0	1
0	1
0	2
0	1
0	1
0	1
0	3
0	1
0	1
0	1
0	1
0	1
0	1
0	1
0	1
0	2
0	1
0	1
0	1
0	1
0	1
0	1
0	1
0	1
0	1
0	1
0	1
0	1
0	1
0	1
0	1
0	1
0	1
0	1
0	2
0	1
0	1
0	1
0	1
0	1
0	1
0	1
0	1
0	1
0	1
0	1
0	1
0	1
0	1
0	1
0	1
0	1
0	1
0	1
0	2
0	1
0	1
0	1
0	1
0	1
0	1
0	3
0	7
0	1
0	1
0	1
0	1
0	1
0	1
0	1
0	1
0	1
0	1
0	1
0	1
0	1
0	1
0	1
0	1
0	1
0	1
0	1
0	1
0	1
0	1
0	1
0	1
0	1
0	1
0	1
0	1
0	1
2	5
10	10
0	1
4	9
0	1
0	1
0	1
0	1
0	1
0	1
0	1
0	1
0	1
0	1
0	1
0	1
0	1
0	1
0	2
0	1
4	4
0	1
0	1
0	1
0	1
0	1
0	1
0	1
0	1
0	1
0	1
0	1
0	1
0	2
0	1
0	1
0	1
0	1
0	1
0	1
0	1
0	1
0	1
0	1
5	8
0	1
0	1
0	1
0	1
0	3
0	1
0	1
0	1
0	1
0	1
0	2
0	1
0	1
0	1
0	1
5	6
15	17
0	2
8	10
0	1
0	1
0	1
0	1
0	1
0	1
0	1
0	1
0	1
0	1
0	1
0	2
0	1
0	1
0	1
0	1
1	3
0	1
0	1
0	1
0	1
0	1
0	1
0	1
0	1
0	1
0	1
0	1
0	3
0	1
0	1
0	1
0	1
0	1
0	1
0	1
0	1
0	1
0	1
0	1
5	11
0	1
0	1
0	1
0	1
0	1
0	1
0	1
0	1
0	1
0	1
0	1
0	1
0	1
0	1
0	3
5	9
10	7
0	4
10	15
0	1
0	2
0	1
0	1
0	1
0	1
0	1
0	1
0	1
0	1
0	1
0	1
0	1
0	1
0	1
0	1
1	5
0	1
0	1
0	1
0	1
0	1
0	1
0	1
0	1
0	1
0	1
0	1
0	5
0	2
0	1
0	1
0	2
0	1
0	1
0	1
0	1
0	1
0	1
5	6
0	1
0	2
0	1
0	1
0	1
0	1
0	1
0	1
0	1
0	1
0	1
0	1
0	1
0	1
0	2
0	1
0	1
2	4
10	10
0	4
4	10
0	1
0	1
0	1
0	1
0	1
0	1
0	1
0	1
0	1
0	1
0	1
0	2
0	1
0	1
0	1
0	1
1	3
0	1
0	1
0	2
0	1
0	1
0	1
0	1
0	1
0	2
0	1
0	1
0	1
0	1
0	1
0	1
0	1
0	1
0	1
0	1
0	1
0	1
0	1
5	7
0	1
0	1
0	1
0	1
0	10
0	1
0	1
0	1
0	1
0	1
0	1
0	1
0	1
0	1
0	2
0	2
0	1
5	10
10	10
0	1
4	8
0	1
0	1
0	1
0	1
0	1
0	1
0	1
0	1
0	1
0	1
0	1
0	1
0	1
0	1
0	1
0	1
1	3
0	1
0	1
0	1
0	1
0	1
0	1
0	1
0	1
0	2
0	1
0	1
0	4
0	1
0	1
0	1
0	1
0	1
0	1
0	1
0	1
0	1
0	1
5	6
0	1
0	1
0	2
0	1
0	2
0	1
0	1
0	1
0	1
0	1
0	1
0	1
0	1
0	1
1	2
5	8
5	6
0	1
1	3
0	1
0	1
0	1
0	1
0	1
0	1
0	1
0	1
0	1
0	1
0	1
0	1
0	1
0	1
0	1
0	1
0	1
0	1
0	1
0	1
0	5
0	1
0	1
0	1
0	1
0	1
0	1
0	1
0	1
0	2
0	1
0	2
0	1
0	1
0	1
0	1
0	1
0	1
0	1
0	1
0	1
0	1
0	1
0	1
0	1
0	2
0	2
0	1
0	2
0	2
0	1
0	1
0	1
0	1
0	1
0	1
0	1
0	1
0	1
0	2
0	1
0	1
0	1
0	1
0	1
0	1
0	1
0	1
0	1
0	1
0	1
0	1
0	1
0	1
0	1
0	1
0	1
0	1
0	1
0	3
0	1
0	1
0	1
0	1
0	1
0	1
0	1
0	1
0	1
0	1
0	1
0	1
0	1
0	1
0	1
0	1
0	1
0	1
0	1
0	1
0	1
0	1
0	1
0	1
0	1
0	2
5	7
10	13
0	3
4	5
0	1
0	3
0	1
0	1
0	1
0	1
0	1
0	1
0	1
0	1
0	1
0	1
0	1
0	1
0	1
0	1
1	2
0	1
0	1
0	1
0	1
0	1
0	1
0	1
0	1
0	4
0	1
0	1
0	5
0	2
0	1
0	1
0	1
0	1
0	1
0	1
0	1
0	1
0	1
5	9
0	1
0	2
0	1
0	1
0	3
0	1
0	1
0	1
0	1
0	1
0	1
0	1
0	1
0	3
0	1
0	1
5	10
15	13
0	6
0	2
0	1
0	4
0	1
0	3
0	1
0	1
0	1
0	1
0	1
0	1
0	1
0	2
0	1
0	2
0	2
0	1
1	4
0	1
0	1
0	1
0	1
0	1
0	1
0	1
0	1
0	1
0	1
0	3
0	1
0	1
0	1
0	1
0	1
0	1
0	1
0	1
0	1
5	10
0	1
0	1
0	2
0	1
10	19
0	1
0	1
0	1
0	1
0	1
0	1
0	1
0	1
0	2
0	1
0	1
5	6
10	8
0	6
9	8
0	1
0	3
0	1
0	1
0	1
0	1
0	1
0	1
0	1
0	1
0	1
0	1
0	1
0	1
0	1
0	1
0	2
0	1
0	1
0	1
0	1
0	1
0	1
0	1
0	1
0	1
0	4
0	1
0	2
0	1
0	1
0	1
0	1
0	1
0	1
0	1
0	1
0	1
0	1
0	1
0	1
0	1
0	1
0	1
0	1
0	1
0	1
0	1
0	1
5	7
0	1
0	1
0	3
0	1
0	1
0	1
5	6
10	11
0	3
4	5
0	1
0	1
0	1
0	3
0	1
0	1
0	1
0	1
0	1
0	1
0	1
0	3
0	1
0	1
0	1
0	1
0	4
0	1
0	1
0	1
0	1
0	1
0	1
0	1
0	1
0	3
0	1
0	1
0	5
0	2
0	1
0	1
0	1
0	1
0	1
0	1
0	1
0	1
0	1
5	7
0	1
0	1
0	3
0	1
0	6
0	1
0	1
0	1
0	1
0	1
0	1
0	1
0	1
0	1
0	2
0	3
5	8
10	10
0	4
1	4
0	1
0	1
0	1
0	1
0	1
0	1
0	1
0	1
0	1
0	1
0	1
0	2
0	1
0	1
0	1
0	1
0	3
0	1
0	1
0	3
0	1
0	1
0	1
0	1
0	1
0	1
0	1
0	1
0	1
0	1
0	1
0	1
0	1
0	1
0	1
0	1
0	1
0	1
5	5
0	1
0	1
0	1
0	1
0	1
0	1
0	1
0	1
0	1
0	1
0	1
0	1
0	1
0	1
1	4
5	10
5	9
0	1
1	4
0	1
0	1
0	1
0	1
0	1
0	1
0	1
0	1
0	1
0	1
0	1
0	1
0	1
0	2
0	1
0	1
0	2
0	1
0	1
0	1
0	1
0	1
0	1
0	1
0	1
0	1
0	1
0	1
0	1
0	1
0	1
0	1
0	1
0	1
0	1
0	1
0	1
0	1
0	1
0	1
0	1
0	2
0	1
0	1
0	1
0	1
0	1
0	2
0	1
0	1
0	2
0	2
0	1
0	2
0	1
0	1
0	1
0	1
0	1
0	1
0	1
0	1
0	1
0	1
0	1
0	1
0	1
0	1
0	1
0	1
0	1
0	2
0	1
0	1
0	1
0	1
0	1
0	1
0	1
0	1
0	3
0	1
0	1
0	1
0	1
0	1
0	1
0	1
0	1
0	1
0	1
0	1
0	1
0	1
0	1
0	1
0	2
0	1
0	1
0	1
0	1
0	1
0	1
0	1
0	1
0	1
0	1
0	1
5	7
10	13
0	1
15	15
0	1
1	5
0	1
0	1
0	1
0	2
0	1
0	1
0	1
0	1
0	1
0	1
0	1
0	1
0	1
0	1
4	4
0	1
0	1
0	1
0	1
0	1
0	1
0	1
0	1
0	1
0	1
0	1
0	2
0	1
0	1
0	1
0	1
0	1
0	1
0	1
0	1
0	1
0	1
0	1
0	1
0	1
0	1
0	1
0	8
0	1
0	1
0	1
0	1
0	1
5	9
0	1
0	1
0	1
0	1
5	5
0	1
0	3
0	1
0	2
0	1
0	4
0	1
0	1
0	1
0	1
0	1
0	1
0	1
0	1
0	1
0	4
0	1
1	7
0	1
0	1
0	2
0	1
0	1
0	1
0	1
0	2
0	4
0	2
0	2
15	16
0	2
0	1
0	1
0	1
0	1
0	1
0	1
0	1
0	1
0	1
5	6
0	1
0	4
0	1
0	1
10	19
0	1
0	1
0	1
0	1
0	1
0	1
0	1
0	1
0	1
0	1
0	5
0	1
0	1
0	1
0	2
0	1
0	1
0	1
0	1
0	1
0	1
0	1
0	1
0	1
0	1
0	1
0	1
5	4
0	1
0	1
0	1
0	1
0	1
0	1
0	2
0	1
0	1
0	1
10	19
0	1
0	1
0	1
0	1
0	1
0	1
0	1
0	1
0	1
0	1
0	1
0	1
0	1
0	1
0	1
0	1
0	2
0	1
0	1
0	1
5	6
0	1
0	1
0	1
0	1
0	1
2	3
10	10
0	1
0	1
0	1
0	1
0	1
0	1
0	1
0	1
0	1
0	1
0	1
0	1
0	1
0	1
0	1
0	1
0	1
0	1
0	1
0	1
0	2
0	1
0	1
0	1
0	1
0	1
0	2
0	1
0	1
0	1
0	1
0	1
0	1
0	1
0	1
0	1
0	1
0	1
0	1
0	1
0	1
0	2
0	3
0	1
0	1
0	1
0	3
0	1
0	1
0	1
0	1
5	6
0	1
0	1
0	2
0	1
0	1
5	7
10	8
0	1
0	1
0	1
0	1
0	1
0	1
0	1
0	1
0	1
0	1
0	1
0	1
0	1
0	2
0	1
0	1
0	1
0	1
0	2
0	1
0	1
0	1
0	1
0	1
0	1
0	1
0	2
0	1
0	1
0	1
0	1
0	1
0	1
0	1
0	1
0	1
0	1
0	1
0	1
0	1
0	1
0	1
0	1
0	1
0	1
0	6
0	1
0	1
0	1
0	1
0	1
5	10
0	1
0	1
