# Slack (mins)	Number of gate collisions
0	15
0	25
0	32
0	27
0	27
0	89
0	134
0	10
0	120
0	27
0	51
0	39
0	271
0	20
0	137
0	161
0	72
0	19
0	73
0	48
0	106
0	10
0	56
0	92
0	27
0	93
0	143
0	31
0	21
0	11
0	28
0	138
0	17
0	69
0	512
0	33
0	76
0	57
0	30
0	47
0	41
0	197
0	21
0	64
0	63
0	21
0	14
0	423
0	28
0	145
0	231
0	68
0	243
0	29
0	31
0	21
0	3
0	5
0	25
0	1
0	24
5	4
0	25
0	97
0	9
0	4
0	129
0	23
0	21
0	29
0	173
0	21
0	76
0	110
0	41
0	188
0	45
0	43
0	131
0	2
0	40
0	22
0	23
0	139
0	41
0	59
0	30
8	0
0	9
0	20
0	8
0	8
0	32
0	412
0	35
0	82
0	26
0	31
0	44
0	12
0	23
0	199
0	43
0	13
2	2
0	363
5	3
0	17
0	46
0	198
0	27
10	0
0	20
0	17
0	10
0	11
0	12
0	18
0	39
0	17
5	0
0	13
0	127
0	32
1	1
0	112
0	25
0	15
0	27
0	273
0	25
0	109
0	112
0	70
0	168
0	68
0	53
0	133
0	12
0	34
0	19
0	16
0	114
0	112
0	116
0	93
0	12
0	17
0	74
0	8
0	18
0	50
0	547
0	38
0	78
0	40
0	27
0	50
0	34
0	42
10	1
0	60
0	20
0	4
0	481
5	1
0	23
0	47
0	188
0	22
0	234
0	17
0	37
0	2
0	20
0	31
0	24
0	11
0	69
0	14
0	84
0	11
0	10
0	24
0	121
0	30
0	90
0	169
0	65
0	141
0	30
0	54
0	104
0	12
0	50
0	28
0	12
0	116
0	22
0	57
0	24
0	4
0	28
0	70
0	2
0	6
0	36
0	414
0	12
0	74
0	12
0	43
0	31
0	13
0	12
0	13
0	44
0	24
0	6
0	295
0	16
0	79
0	187
0	23
0	156
0	31
0	16
0	6
0	24
0	43
0	39
0	31
0	18
0	109
0	19
0	143
0	36
0	14
0	23
0	63
0	25
0	47
0	141
0	78
0	157
0	33
0	35
0	138
0	90
0	39
0	16
0	109
0	27
0	65
0	42
0	20
0	22
0	55
0	13
0	9
0	394
0	29
0	91
0	36
0	30
0	37
0	33
0	36
0	13
0	38
0	20
0	513
0	4
0	13
0	39
0	215
0	15
0	251
0	28
0	46
0	10
0	22
0	3
0	5
5	4
0	25
0	97
0	16
0	125
0	20
0	16
0	25
0	23
0	16
0	71
0	99
0	47
0	20
0	44
0	58
0	62
0	49
0	32
0	13
0	118
0	121
0	57
0	23
0	7
0	11
0	24
0	2
0	46
0	548
0	23
0	88
0	36
0	29
0	33
0	40
0	173
0	24
10	0
0	22
0	11
0	463
5	3
0	22
0	22
0	163
0	21
0	197
0	26
0	24
0	14
0	18
7	9
15	2
0	11
0	100
0	5
0	97
0	17
0	31
0	9
0	252
0	23
0	70
0	92
0	52
0	3
0	58
0	97
0	29
0	109
0	52
0	43
0	8
0	109
0	146
0	45
0	108
0	12
0	5
0	11
0	23
0	4
0	38
0	562
0	38
0	67
0	32
0	47
0	21
0	25
0	203
0	24
5	2
0	51
0	15
0	2
0	482
0	0
0	8
0	39
0	208
0	10
0	182
0	21
0	44
0	13
0	16
0	12
10	7
10	7
0	11
10	0
0	93
0	18
0	136
0	8
0	62
0	21
0	418
0	32
0	93
0	86
0	61
0	21
0	42
0	123
0	35
0	128
1	17
0	50
0	45
0	15
0	105
0	132
0	53
0	46
0	12
0	7
0	17
0	90
0	11
0	12
0	21
0	474
0	41
0	62
0	40
0	42
0	23
0	30
0	205
0	20
5	1
0	53
0	15
0	13
0	514
0	1
0	8
0	47
0	231
0	43
0	168
0	33
0	45
0	9
0	18
0	18
0	7
10	3
0	15
9	2
0	99
0	13
0	166
0	29
0	31
0	23
0	228
0	32
0	70
0	108
0	44
0	9
0	33
0	57
0	39
0	100
1	15
0	51
0	45
0	15
0	101
0	132
0	36
0	44
0	19
0	5
0	6
0	51
0	11
0	8
0	26
0	588
0	62
0	65
0	50
0	55
0	23
0	20
0	246
0	40
0	21
0	40
0	19
0	5
0	458
0	2
0	11
0	57
0	180
0	63
0	224
0	32
0	50
0	8
0	9
0	11
0	18
8	9
10	6
0	9
0	5
0	101
0	6
0	174
0	23
0	42
0	19
0	432
0	31
0	86
0	110
0	42
0	30
0	56
0	20
0	31
0	87
2	18
0	44
0	29
0	16
0	124
0	78
0	43
0	36
0	22
0	7
0	17
0	121
0	9
0	7
0	29
0	545
0	69
0	63
0	22
0	47
0	23
0	23
0	215
0	27
5	0
0	49
0	15
0	12
0	489
0	0
0	12
0	51
0	214
0	31
0	184
0	28
0	48
0	12
0	25
5	4
5	4
0	95
1	7
0	95
0	13
0	25
0	2
0	269
0	30
0	144
0	102
0	79
0	4
0	29
0	32
0	52
0	12
0	57
0	30
0	18
0	112
0	50
0	20
0	11
0	19
0	24
0	5
0	22
0	357
0	11
0	72
0	26
0	15
0	19
0	13
0	196
0	14
0	61
0	24
0	17
0	369
0	11
0	45
0	167
0	16
0	174
0	26
0	19
0	10
0	15
0	6
0	34
0	9
0	39
0	16
0	243
0	17
0	152
0	50
0	85
0	31
0	502
0	26
0	69
0	190
0	41
0	24
0	77
0	172
0	37
0	122
0	7
0	34
0	60
0	16
0	115
0	151
0	96
0	9
0	6
0	15
0	113
0	22
0	54
0	728
0	35
0	71
0	108
0	60
0	20
0	32
0	131
0	31
0	67
0	47
0	21
0	21
0	599
0	17
0	131
0	215
0	90
0	244
0	36
0	45
0	11
0	12
0	7
0	19
2	12
10	7
0	6
4	4
0	92
0	7
0	130
0	30
0	21
0	16
0	344
0	27
0	88
0	116
0	43
0	30
0	34
0	23
0	53
0	102
4	12
0	43
0	34
0	10
0	120
0	142
0	49
0	40
0	27
0	3
0	14
0	90
0	17
0	6
0	24
0	573
0	57
0	73
0	44
0	44
0	26
0	33
0	204
0	28
5	0
0	42
0	18
0	18
0	493
0	1
0	7
0	43
0	213
0	46
0	175
0	23
0	37
0	18
0	11
0	13
5	5
15	4
0	9
8	8
0	86
0	16
0	141
0	15
0	49
0	23
0	410
0	24
0	93
0	86
0	50
0	12
0	56
0	31
0	16
0	114
1	26
0	44
0	38
0	15
0	101
0	130
0	51
0	25
0	13
0	1
0	13
0	63
0	11
0	3
0	27
0	492
0	39
0	67
0	49
0	36
0	21
0	23
0	220
0	26
5	2
0	56
0	7
0	2
0	506
0	1
0	17
0	58
0	216
0	28
0	147
0	34
0	35
0	15
0	21
0	10
5	3
10	7
0	8
10	1
0	80
0	15
0	173
0	15
0	40
0	29
0	388
0	19
0	79
0	96
0	64
0	36
0	51
0	49
0	25
0	102
1	15
0	51
0	46
0	12
0	115
0	195
0	53
0	48
0	29
0	7
0	12
0	79
0	6
0	6
0	32
0	546
0	45
0	60
0	39
0	43
0	20
0	38
0	23
5	1
0	57
0	3
0	8
0	480
0	1
0	11
0	128
0	67
0	204
0	43
0	149
0	20
0	37
0	14
0	11
0	8
0	20
2	15
10	3
0	15
4	3
0	79
0	13
0	160
0	25
0	49
0	18
0	401
0	24
0	77
0	112
0	55
0	5
0	40
0	41
0	24
0	107
1	13
0	51
0	45
0	10
0	108
0	189
0	52
0	47
0	19
0	5
0	11
0	74
0	18
0	5
0	37
0	562
0	60
0	67
0	54
0	53
0	22
0	30
0	26
5	0
0	47
0	12
0	13
0	468
0	0
0	13
0	109
0	50
0	202
0	40
0	211
0	30
0	42
0	12
0	8
0	6
0	22
5	6
10	1
0	12
4	5
0	104
0	9
0	165
0	17
0	39
0	17
0	359
0	29
0	75
0	126
0	48
0	20
0	32
0	30
0	41
0	123
1	8
0	44
0	40
0	11
0	96
0	217
0	45
0	42
0	27
0	12
0	10
0	94
0	4
0	9
0	35
0	579
0	56
0	79
0	49
0	43
0	19
0	40
0	23
5	1
0	44
0	19
0	13
0	533
0	1
0	12
0	114
0	45
0	200
0	36
0	196
0	33
0	55
0	29
1	23
5	3
5	4
0	83
1	11
0	106
0	15
0	26
0	8
0	165
0	33
0	116
0	107
0	71
0	8
0	43
0	39
0	75
0	13
0	58
0	50
0	12
0	98
0	158
0	23
0	7
0	12
0	30
0	9
0	23
0	349
0	10
0	58
0	27
0	27
0	25
0	9
0	13
0	63
0	35
0	14
0	359
0	24
0	45
0	50
0	160
0	19
0	180
0	28
0	27
0	6
0	10
0	21
0	25
0	14
0	31
0	12
0	281
0	27
0	130
0	27
0	56
0	20
0	447
0	27
0	81
0	211
0	45
0	26
0	61
0	146
0	33
0	88
0	11
0	31
0	64
0	17
0	92
0	132
0	96
0	13
0	9
0	13
0	113
0	27
0	56
0	549
0	39
0	79
0	71
0	47
0	32
0	31
0	43
0	66
0	47
0	20
0	19
0	591
0	15
0	132
0	123
0	173
0	53
0	237
0	38
0	27
0	7
0	5
0	9
0	19
5	15
10	2
0	11
4	5
0	84
0	8
0	137
0	37
0	42
0	18
0	200
0	21
0	85
0	116
0	47
0	24
0	40
0	14
0	35
0	126
1	18
0	38
0	36
0	18
0	117
0	202
0	41
0	44
0	21
0	3
0	16
0	50
0	15
0	7
0	27
0	673
0	44
0	68
0	94
0	34
0	17
0	33
0	28
5	1
0	57
0	13
0	7
0	542
0	1
0	13
0	142
0	63
0	200
0	94
0	194
0	32
0	41
0	14
0	11
0	13
5	7
15	2
0	12
0	9
0	97
0	13
0	90
0	0
0	33
0	30
0	330
0	27
0	83
0	125
0	26
0	13
0	27
0	13
0	22
0	105
1	14
0	37
0	17
0	116
0	198
0	36
0	31
0	18
0	7
0	63
0	1
0	4
0	19
0	361
0	32
0	75
0	16
0	39
0	19
0	43
0	25
5	0
0	33
0	5
0	4
0	430
10	0
0	9
0	23
0	23
0	184
0	21
0	115
0	11
0	18
0	14
0	17
0	11
5	7
10	5
0	13
9	1
0	83
0	11
0	172
0	24
0	41
0	20
0	366
0	32
0	90
0	108
0	57
0	34
0	50
0	165
0	32
0	115
0	15
0	52
0	94
0	20
0	119
0	109
0	87
0	130
0	21
0	8
0	12
0	83
0	7
0	24
0	587
0	29
0	61
0	100
0	42
0	15
0	32
0	227
0	33
0	166
0	70
0	13
0	3
0	548
0	1
0	14
0	55
0	195
0	44
5	0
0	41
0	30
0	12
0	8
0	22
0	15
5	7
10	3
0	6
4	8
0	70
0	11
0	164
0	16
0	38
0	31
0	346
0	18
0	71
0	131
0	38
0	10
0	34
0	33
0	30
0	113
0	16
0	44
0	22
0	14
0	129
0	228
0	54
0	42
0	20
0	5
0	11
0	78
0	2
0	10
0	36
0	628
0	44
0	69
0	59
0	38
0	27
0	30
0	19
5	0
0	39
0	19
0	6
0	489
0	0
0	13
0	141
0	60
0	188
0	34
0	193
0	31
0	56
0	7
0	10
0	21
5	7
10	5
0	11
1	4
0	95
0	8
0	164
0	23
0	38
0	20
0	167
0	28
0	78
0	103
0	35
0	14
0	45
0	23
0	42
0	78
0	16
0	75
0	29
0	18
0	107
0	226
0	50
0	19
0	17
0	3
0	10
0	36
0	5
0	34
0	604
0	57
0	73
0	57
0	58
0	19
0	12
0	28
5	3
0	52
0	14
0	7
0	519
0	1
0	9
0	100
0	43
0	191
0	31
0	181
0	24
0	14
0	18
1	23
5	4
5	0
0	98
1	6
0	94
0	6
0	34
0	5
0	258
0	26
0	132
0	104
0	78
0	8
0	41
0	46
0	56
0	9
0	51
0	52
0	14
0	110
0	160
0	12
0	9
0	22
0	34
0	8
0	12
0	335
0	11
0	52
0	22
0	22
0	17
0	10
0	18
0	74
0	42
0	13
0	388
0	15
0	52
0	58
0	175
0	44
0	169
0	33
0	31
0	4
0	10
0	13
0	32
0	9
0	29
0	10
0	315
0	8
0	148
0	40
0	90
0	17
0	444
0	28
0	83
0	201
0	44
0	32
0	89
0	138
0	46
0	119
0	14
0	35
0	73
0	15
0	90
0	140
0	116
0	107
0	12
0	8
0	7
0	66
0	10
0	23
0	59
0	699
0	33
0	96
0	95
0	46
0	41
0	30
0	37
0	28
0	42
0	26
0	18
0	563
0	11
0	160
0	40
0	177
0	83
0	228
0	42
0	41
0	11
0	12
0	10
0	19
5	13
10	3
0	9
15	7
0	86
1	11
0	134
0	25
0	23
0	21
0	360
0	22
0	77
0	101
0	43
0	12
0	35
0	22
0	30
0	101
4	17
0	46
0	42
0	16
0	121
0	196
0	53
0	31
0	17
0	1
0	14
0	68
0	12
0	7
0	24
0	554
0	60
0	85
0	71
0	32
0	19
0	33
0	30
0	173
0	49
0	14
0	8
0	482
0	0
0	9
0	116
0	55
0	204
0	37
5	1
0	34
0	43
0	4
0	11
5	8
0	15
0	16
0	95
0	10
0	91
0	1
0	18
0	32
0	399
0	20
0	86
0	98
0	28
0	97
0	18
0	28
0	102
1	8
0	31
0	23
0	13
0	94
0	173
0	35
0	21
0	13
0	2
0	4
0	45
15	6
0	3
0	15
0	155
0	34
0	69
0	40
0	30
0	13
0	21
0	21
5	1
0	58
0	9
0	3
0	380
10	0
0	22
0	44
0	169
0	21
0	100
0	35
0	13
0	12
0	18
0	30
0	7
0	91
0	7
0	123
0	26
0	43
0	14
0	471
0	26
0	80
0	99
0	53
0	206
0	66
0	92
0	27
0	126
5	12
0	70
0	37
0	11
0	100
0	86
0	43
0	23
0	11
0	8
0	80
10	2
0	7
0	18
0	135
0	33
0	54
0	48
0	30
0	17
0	30
0	19
0	39
0	39
0	7
0	7
0	123
0	484
0	2
0	51
0	189
0	32
5	2
0	27
0	41
0	11
0	22
0	18
2	17
10	4
0	12
0	89
0	4
0	154
0	23
0	27
0	23
0	214
0	26
0	76
0	124
0	31
0	17
0	26
0	57
0	39
0	124
0	14
0	56
0	34
0	12
0	113
0	200
0	51
0	49
0	24
0	3
0	13
0	37
0	4
0	25
0	466
0	56
0	74
0	55
0	26
0	27
0	22
0	25
0	48
0	48
0	10
0	9
0	186
0	558
0	1
0	6
0	114
0	11
0	192
0	28
5	2
0	28
0	38
0	8
0	17
0	22
5	11
10	3
0	11
0	10
0	88
0	8
0	166
0	20
0	35
0	23
0	327
0	30
0	74
0	119
0	39
0	30
0	43
0	18
0	47
0	118
0	14
0	54
0	40
0	14
0	110
0	219
0	33
0	11
0	8
0	9
0	56
0	8
0	38
0	688
0	61
0	85
0	60
0	52
0	23
0	36
0	23
0	71
0	52
0	19
0	14
0	146
0	505
0	0
0	8
0	117
0	48
0	201
0	35
5	3
0	31
0	43
