# Delays	Number of gate collisions
44.4885496183	31
13.4545454545	17
21.5945205479	122
17.1685393258	57
25.0837696335	78
116.201550388	339
34.0084602369	358
37.9064748201	73
18.1954624782	121
23.8522727273	63
42.0334728033	110
34.4948096886	86
67.7436170213	956
21.0532544379	37
31.6433333333	280
24.2820809249	280
22.217765043	127
28.2553191489	80
15.6995515695	87
19.3053435115	32
28.7644110276	176
25.8275862069	29
36.4074074074	103
17.5153203343	97
31.4575163399	53
28.1323360184	166
25.6844547564	188
29.6174636175	118
26.3153846154	49
62.3106796117	25
43.3146067416	59
34.4928571429	299
54.6620689655	53
33.0178571429	117
12.6307371349	395
43.6213592233	67
24.8834745763	62
15.7052238806	73
44.641025641	94
29.715370019	120
22.1387283237	69
35.5856697819	334
40.702247191	61
22.1291989664	134
35.6156862745	166
29.5478723404	45
35.9824561404	29
19.5243986254	535
25.0363636364	43
32.5179856115	236
50.3369294606	701
25.0549132948	96
34.189578714	395
28.0304054054	70
24.1704545455	55
54.5918367347	87
28.641509434	18
47.4642857143	53
9.84033613445	12
29.6363636364	46
54.8669527897	69
38.6652173913	50
158.97810219	187
48.6235476375	352
64.1733333333	75
61.4380952381	35
32.8914473684	226
64.4271356784	78
71.3088803089	94
38.2834890966	101
95.664882227	1177
64.4651162791	95
54.9182282794	373
42.7521551724	310
51.3033707865	195
58.9803646564	500
35.2329059829	154
31.9471698113	43
31.4945454545	238
48.6044776119	63
51.6332288401	121
58.0446927374	50
43.3741496599	86
41.8046958378	266
43.2589073634	216
69.7550111359	253
49.4832402235	105
46.3629032258	28
95.8502994012	93
56.7930174564	79
22.9677419355	29
64.7073170732	38
56.3358490566	148
37.0588812561	1074
40.8697478992	116
28.6791277259	153
36.0265780731	92
69.1473214286	220
39.7815275311	125
46.4404145078	77
55.5482625483	122
40.0264227642	530
96.9770642202	145
31.449339207	66
60.2148760331	37
26.6512083605	760
38.9051724138	24
47.6833333333	72
51.9790575916	196
44.8587041374	583
57.0800865801	188
28.9322033898	17
93.6483516484	95
46.5961538462	143
62.2676056338	101
54.954954955	38
55.8256880734	63
9.4	22
65.7174447174	365
82.3732718894	127
39.8837209302	53
96.5597484277	164
53.4455128205	672
56.7931034483	162
58.4901960784	49
27.358974359	207
49.4864864865	120
73.1797752809	153
51.0127388535	141
60.456286428	1150
49.1358024691	84
72.6125	549
56.2920847269	461
51.1882716049	242
63.7130434783	665
34.8843537415	222
26.875	78
33.0076045627	295
44.4710144928	67
78.6563467492	284
90.0559701493	182
93.0746268657	105
42.4106382979	478
71.751572327	423
98.5384615385	537
104.959322034	321
60.424	76
105.938356164	112
150.607038123	636
33.075	72
41.9273743017	90
62.1814671815	248
27.6509433962	1076
51.7053571429	167
36.8746031746	265
30.8526315789	130
55.7142857143	166
41.7287234043	219
58.2688172043	125
82.85	219
61.9561403509	51
197.850187266	472
58.6725663717	130
62.6637168142	38
19.7731755424	773
50.1981981982	24
50.6885245902	88
75.8987730061	252
47.0737509913	753
37.3758542141	167
44.2869565217	572
143.447368421	193
54.7339901478	135
57.4308943089	81
31.8166666667	23
53.9348441926	200
62.5425531915	114
54.5310734463	82
50.3389232127	432
45.947761194	93
26.4007633588	187
48.9320987654	80
44.0730593607	80
40.8073089701	110
53.7695560254	568
56.3591160221	135
69.1546875	546
66.3020304569	762
62.2057142857	264
64.2299382716	628
23.55	128
16.7960784314	41
25.7411764706	223
32.8188976378	46
52.5317460317	199
61.0402298851	195
81.3259259259	121
46.4344355758	423
43.4081081081	123
58.1221374046	280
97.7420924574	322
49.9075630252	43
148.896341463	173
99.5953757225	332
38.4624277457	45
53.5257142857	59
46.865	149
30.1729122056	911
43.3604651163	83
40.213559322	216
48.4961538462	100
48.65	140
45.575815739	195
38.6688741722	60
38.9268292683	59
50.1584158416	74
175.310904872	552
51.5	79
53.86	52
18.1853846154	450
71.5106888361	240
102.137755102	447
91.4409221902	1137
20.0634146341	61
44.2527607362	538
91.7034220532	142
51.1052631579	81
38.7445255474	37
6.85245901639	12
40.1704260652	192
61.8916256158	150
37.7881773399	130
99.9671361502	122
56.2495840266	557
45.6774193548	81
32.6977928693	396
56.0	131
58.7736625514	124
46.4932432432	126
100.011560694	488
70.0662251656	82
84.9379562044	393
50.6009280742	556
59.7197640118	297
61.5469448584	540
44.4840764331	178
21.6640926641	49
44.5157480315	328
55.1853146853	268
65.8508287293	273
118.384057971	158
45.6041189931	366
76.2335025381	360
72.3866348449	334
109.623126338	335
42.2781954887	64
162.519230769	178
116.301969365	465
32.1336898396	82
65.2582781457	70
54.7955138237	1314
61.0721153846	124
34.5957792208	224
48.4722222222	176
63.6532663317	145
40.7222222222	158
48.9204545455	89
58.0236966825	140
53.8461538462	72
181.375	477
37.5046728972	74
27.7512195122	804
75.495412844	46
47.7433628319	82
79.9710982659	236
77.5286738351	954
80.8991097923	101
39.3758865248	662
92.157480315	139
49.7908163265	123
46.5298507463	54
27.4344262295	17
39.1383495146	74
23.691943128	43
34.3225806452	45
105.108225108	150
40.3577170418	440
66.8692307692	149
30.6363636364	372
43.3179487179	85
73.833976834	167
32.9862542955	112
76.7674418605	253
70.6899224806	69
65.5682242991	411
31.9526952695	331
50.024691358	267
42.9086956522	71
42.2026431718	246
13.2093023256	30
48.3113006397	321
62.5932721713	252
35.3978494624	147
54.0181818182	82
27.2559188275	295
71.6545012165	492
66.3071593533	310
67.5108108108	187
65.1074380165	44
113.134751773	138
73.1473296501	346
73.3644067797	47
85.3261802575	221
52.5745243129	1698
34.0509259259	106
29.3787085515	141
37.503164557	162
68.4507042254	229
34.3489681051	110
44.0054347826	121
48.9900568182	555
59.4398496241	141
30.9826086957	18
54.5747126437	160
39.2162162162	49
35.7672826831	1150
34.0869565217	25
55.6363636364	85
71.7056962025	261
58.3608957795	728
82.144772118	257
54.5393386545	748
75.7985074627	115
52.095	122
43.0086206897	39
9.38679245283	10
21.0252808989	64
16.3883495146	13
20.7804878049	29
27.0460176991	268
58.6	106
30.1828153565	280
45.4325842697	88
41.7565543071	136
17.7423076923	31
54.5108853411	726
49.4797297297	104
47.650671785	250
23.7905236908	199
44.053968254	213
27.0913461538	62
33.2360801782	171
32.5476190476	248
7.9313304721	23
32.829787234	344
38.3803680982	167
24.9351351351	140
50.694214876	61
28.8920676203	208
45.3838383838	478
46.0705882353	238
40.983908046	228
41.3166666667	60
60.6862745098	19
64.1363636364	80
35.9880952381	144
42.4117647059	45
40.6877637131	176
63.8758769563	2021
21.2376237624	86
27.8288973384	126
36.7711864407	194
35.2216494845	126
13.5230125523	37
26.3837209302	83
31.9073529412	408
27.8352941176	82
22.4444444444	0
79.0863874346	180
23.2898550725	54
59.1730769231	49
24.9250681199	801
20.3762376238	2
34.5742574257	45
44.4817073171	203
29.2626362735	403
61.5221843003	172
24.8033635188	357
52.842519685	127
29.3033175355	99
20.814516129	32
28.5	46
12.5	12
24.2647058824	74
16.7836538462	18
16.5727272727	12
26.8878504673	32
27.5327510917	334
22.1929824561	41
18.4248861912	245
28.612244898	56
38.5526315789	134
14.5890909091	30
41.9937402191	1115
27.3953488372	84
28.1418439716	155
34.2200956938	296
23.6081871345	142
19.875	57
19.642384106	93
36.3026548673	364
6.47881355932	16
18.2736030829	168
30.309352518	54
22.6763848397	116
15.835443038	80
32.3237410072	62
18.034965035	194
29.0818505338	306
24.6877637131	144
19.2752293578	133
17.3933333333	35
30.8245614035	21
56.6971830986	45
25.6120092379	199
27.568627451	52
31.5621301775	62
24.6339622642	84
25.6343545957	898
31.5070422535	93
20.573800738	116
14.7012658228	80
24.2913043478	109
14.6045548654	46
24.9885057471	77
26.4039548023	339
25.0676691729	72
22.5178571429	9
32.6618852459	158
22.09375	42
25.9440559441	61
19.2864792503	695
17.5044247788	6
25.4594594595	34
29.7972222222	151
22.4516728625	313
30.7306843267	198
25.8269689737	344
50.8953488372	112
18.9821428571	71
31.0	22
25.3518518519	47
22.7857142857	15
15.0544554455	36
13.4260089686	12
15.9642857143	27
18.5272727273	12
21.1898110107	216
20.1186440678	25
11.5465288035	164
25.520361991	65
23.0996784566	94
23.2283737024	52
32.4009360374	573
19.347826087	49
22.558573854	123
29.0391061453	338
16.2281690141	75
17.3086956522	30
11.2510373444	72
23.5264	161
11.347107438	12
11.791433892	122
24.4802631579	46
25.3801169591	120
16.2088452088	60
30.4527027027	39
18.2723112128	169
17.2745424293	215
17.1607515658	65
18.6006825939	61
15.1847133758	24
17.3333333333	13
45.3611111111	42
28.8917647059	110
26.8532110092	37
30.1506849315	37
24.361774744	104
17.0081300813	664
19.972972973	98
14.9380378657	77
14.1831683168	78
20.1115702479	81
12.7745098039	44
24.9421965318	83
22.6791946309	346
31.3203125	134
27.0462962963	71
25.2906309751	71
25.5278969957	72
18.4084507042	28
22.369189907	808
17.8070175439	1
20.0166666667	26
23.5778364116	114
20.417157275	276
14.6557692308	109
20.25382263	376
25.7372013652	88
17.7086956522	82
16.9016393443	16
28.2772277228	33
35.5315315315	36
17.7457627119	7
19.2457002457	46
14.7937219731	20
13.8898678414	26
31.525862069	27
16.8402948403	195
32.2259887006	35
13.0221238938	187
22.9255813953	78
25.7611464968	113
17.7889273356	22
41.6328538986	1123
21.1299435028	61
22.9054982818	159
25.5982241953	315
18.566572238	81
17.8744588745	53
18.4575569358	92
39.7	207
23.3449612403	22
24.9497206704	183
23.9802631579	42
17.0749279539	73
33.4813895782	153
32.8657718121	39
19.2474804031	133
28.1684210526	259
25.0479166667	131
25.411965812	118
13.3395061728	29
20.3174603175	18
45.4652777778	35
31.9342723005	302
31.6697247706	24
32.6577777778	42
23.8442906574	104
23.6020507812	813
13.3832599119	82
12.1601362862	62
18.2982005141	95
22.2520661157	90
18.7563352827	45
17.2065217391	39
17.3231788079	252
17.9709090909	39
15.4912280702	3
33.0076335878	86
29.8510638298	37
21.598540146	43
17.3540575916	623
16.8938053097	7
19.0743801653	30
19.2466843501	109
21.8890756303	275
19.9621212121	95
16.5799595142	243
43.2781456954	89
19.3948497854	83
21.6086956522	18
12.7635135135	27
9.41721854305	6
9.88079470199	2
18.4513184584	164
24.2477876106	12
31.7287128713	290
28.2056737589	42
19.9035532995	43
12.3930131004	20
24.0263929619	455
23.3111111111	60
38.1430976431	257
19.2389127325	153
23.5784313725	119
8.85064935065	8
20.7004219409	144
9.6512605042	36
16.6105263158	67
18.9912280702	20
13.9055793991	64
29.8344594595	101
49.1532258065	69
14.9375866852	95
34.5975232198	109
47.6118598383	65
14.6315789474	14
59.3473053892	69
16.3787375415	36
20.0078125	10
21.4046242775	59
39.5675332911	1233
15.16875	20
14.3890160183	54
24.3692946058	55
14.2331288344	35
19.4079254079	33
13.3852459016	23
21.2820512821	185
10.5670731707	15
39.9086021505	169
95.8831521739	216
7.91333333333	10
15.4344995932	395
38.2086720867	113
31.8718662953	127
15.442791762	151
23.517571885	75
15.1675749319	233
28.576419214	72
31.3370165746	88
12.2909090909	7
10.1214953271	16
5.86607142857	5
19.5666666667	98
14.9844559585	31
14.256281407	50
10.8130841121	7
18.7611940299	332
7.57419354839	6
12.090443686	123
8.3641025641	35
10.6549295775	73
9.47426470588	24
12.9207317073	481
12.6494252874	24
13.4561101549	79
13.7061611374	205
14.1812865497	65
24.4234693878	54
9.30371900826	63
16.5249537893	168
8.58333333333	18
8.68623481781	90
11.618705036	21
11.7575757576	34
9.09863013699	52
19.9568345324	33
8.57211538462	81
10.2257425743	119
24.8631790744	132
13.8785714286	15
12.8070175439	12
32.7074829932	39
11.9338624339	110
9.98095238095	25
10.2532188841	56
11.5945399393	565
13.1959798995	53
7.39716312057	41
10.1325966851	87
11.5136363636	45
12.8298319328	57
12.6012269939	23
11.0641562064	87
14.4337899543	39
26.1793478261	97
25.89958159	90
12.3333333333	39
8.31060606061	18
10.0738031915	412
19.7545454545	6
14.8457831325	150
15.9038984587	196
9.76875	72
12.6182618262	245
11.4628975265	26
7.47465437788	29
7.01652892562	5
10.3055555556	11
9.49137931034	18
23.1296296296	16
8.36476426799	11
7.63063063063	4
7.38095238095	5
10.0683760684	10
10.0473421927	72
10.8864864865	8
8.800330033	76
9.63677130045	28
10.2356687898	27
9.07692307692	16
12.013185288	311
9.00568181818	18
10.0981067126	78
9.83826879271	108
9.8433048433	40
7.49783549784	20
16.8246346555	65
20.8076923077	137
7.1512605042	17
9.26277372263	71
13.9801324503	24
6.53216374269	29
9.11166253102	36
16.8219178082	27
7.3625	83
10.3923205342	103
8.79833679834	27
16.6672413793	55
12.3885350318	19
8.62601626016	2
30.4492753623	30
8.13513513514	70
21.7787610619	20
13.5565217391	13
7.90169491525	34
10.3248803828	361
10.1422222222	45
8.36130136986	43
7.1364764268	19
10.0772357724	39
9.79684418146	34
8.40322580645	20
9.27260273973	141
11.1277372263	28
5.50847457627	1
11.951171875	48
9.47186147186	14
10.0827586207	23
11.1545396008	364
13.5135135135	8
14.5166666667	19
12.2439678284	69
14.0734323432	173
9.21722846442	47
16.1340839304	254
12.6229508197	52
8.38095238095	37
7.11666666667	5
14.6545454545	26
18.7980769231	4
9.31398416887	26
6.45238095238	4
6.83253588517	9
12.7037037037	12
11.6546572935	112
10.6228571429	12
7.71428571429	58
10.3891625616	18
12.8859060403	52
8.45945945946	13
14.3787878788	420
17.04	39
11.1306715064	69
12.5291970803	101
12.6952662722	69
6.6563876652	14
8.97592997812	46
10.2292020374	42
14.7522123894	12
16.2007722008	139
15.5486111111	34
7.2573964497	23
15.0313315927	65
21.0148148148	17
9.38392857143	98
9.19591141397	85
11.0281385281	33
12.9205175601	27
9.33566433566	7
11.1610169492	6
26.5757575758	25
9.59831460674	45
8.71153846154	9
10.9351851852	9
9.8202247191	22
8.42814070352	267
10.4741784038	35
8.62383612663	31
8.06940874036	31
9.06306306306	36
10.5210084034	12
8.89142857143	17
9.70948905109	139
7.4	5
5.80530973451	0
14.106918239	78
12.1198156682	28
8.79856115108	10
11.1082337317	323
13.2735849057	4
10.6956521739	14
12.3447293447	42
14.9496676163	169
9.92682926829	34
10.1391509434	119
12.9233449477	44
8.77625570776	30
24.0081300813	10
6.48181818182	10
6.23076923077	3
6.89033942559	2
7.51162790698	4
6.27027027027	3
7.50909090909	2
10.8295053004	97
10.5813953488	8
12.3448275862	150
12.985645933	30
16.2025316456	80
8.1897810219	14
15.1168649405	431
13.3276836158	32
14.8591800357	107
10.514084507	67
18.6907514451	70
5.6592920354	10
11.863340564	74
37.722614841	297
16.4612068966	26
12.9553903346	105
23.2965517241	45
11.9537572254	61
17.4974874372	100
28.1901408451	33
8.93981481481	78
8.70503597122	120
15.3382663848	64
13.3774954628	60
14.3202614379	27
27.5966386555	25
34.8582089552	29
14.3424036281	94
16.1132075472	21
17.3796296296	30
11.852398524	37
10.94417238	405
8.10599078341	27
8.74354243542	37
13.7345360825	69
13.6764705882	64
8.44855967078	17
9.65168539326	27
10.7490636704	24
4.40677966102	2
21.5452631579	76
8.81777777778	9
18.020979021	33
8.71739130435	289
8.97321428571	4
20.6525423729	28
14.3926174497	176
21.4175824176	122
12.6998158379	185
12.3046875	74
11.323798627	150
25.5429553265	76
9.88986784141	50
12.0081300813	5
18.91	19
12.4137931034	22
21.4272727273	11
11.5036855037	19
8.27232142857	1
9.88938053097	13
14.5196078431	2
18.2033195021	126
16.2717391304	6
10.4218289086	135
12.8973214286	30
23.1128526646	82
11.8626760563	25
24.7132459971	646
14.8369565217	36
13.352739726	104
16.1223581758	142
15.0702247191	71
10.5341880342	17
15.4	50
20.9609375	131
8.49579831933	22
13.05	88
18.4248366013	24
11.0057636888	34
13.3014705882	59
28.7074829932	35
10.1291053228	108
12.0732700136	179
14.3381443299	57
16.9008547009	95
9.73291925466	15
15.6290322581	9
20.4347826087	13
18.155210643	118
10.7256637168	12
19.2969432314	15
18.381443299	73
14.6436726927	487
12.3114035088	57
12.8116438356	73
13.1474201474	85
18.1336032389	80
14.4514851485	46
11.9946236559	40
13.8905109489	31
10.813559322	4
15.4186046512	66
11.8412017167	22
22.387755102	41
12.1959896507	425
10.7787610619	0
15.8983050847	15
25.3614864865	274
16.3607427056	90
18.3821070234	218
22.6996197719	69
14.0232088799	233
19.2671009772	43
18.5775862069	53
14.8951612903	16
16.1568627451	16
15.8125	24
20.7796610169	12
12.5514705882	12
10.9598214286	6
10.8836206897	6
11.8547008547	12
14.7329498767	121
17.7923497268	19
10.0516224189	114
12.1919642857	38
18.1588785047	75
14.3249097473	26
22.7341411262	509
9.88888888889	24
11.7696245734	87
11.140954495	108
12.2067039106	54
13.9568965517	37
14.2520661157	40
23.7320574163	101
7.35433070866	29
8.53610108303	75
16.4805194805	29
12.5775862069	46
11.5343137255	36
13.6054421769	15
12.7820224719	119
13.3044058745	198
18.0473251029	79
12.3157894737	49
13.487654321	20
16.1349206349	14
30.5285714286	22
13.7795100223	105
15.9	17
14.1115879828	17
13.5709459459	49
11.9482922201	540
11.451754386	54
13.4896551724	59
10.7665847666	66
12.8709677419	59
13.9012096774	39
10.4945652174	42
9.92	9
16.5169491525	5
8.33333333333	25
15.0127118644	11
15.6530612245	28
11.3063178047	402
9.85714285714	1
17.4274193548	20
10.9033333333	109
16.9762532982	91
14.2034596376	191
10.7555555556	54
14.2485089463	225
15.5081433225	44
10.2118644068	44
9.0	9
11.1337579618	19
6.8322147651	2
7.24503311258	3
14.170212766	106
14.4827586207	18
8.98837209302	61
14.2416107383	20
18.351758794	44
7.44594594595	5
29.0737179487	318
14.0054945055	23
14.1072026801	114
9.90285714286	83
13.4530744337	72
6.88461538462	6
14.4467640919	68
8.0	26
11.6962365591	60
13.7787610619	6
16.5670995671	45
12.6454849498	43
24.8139534884	18
11.3665283541	81
12.9185667752	126
19.3571428571	53
15.5130434783	11
13.6	28
74.5273972603	198
20.8253968254	16
16.5511363636	35
10.4575289575	232
10.7888198758	13
9.60714285714	37
9.184	24
24.5185185185	41
8.36904761905	24
11.384	10
13.3272727273	13
23.0026595745	107
15.4017857143	35
9.84516129032	8
8.82684670373	231
14.0310880829	43
14.1804281346	59
16.7213114754	39
16.2985074627	141
15.9488817891	26
11.2675675676	170
26.3991416309	27
13.904494382	30
13.9454545455	10
15.4134615385	28
7.15178571429	6
10.3956639566	29
11.71875	31
9.66321243523	31
11.21	16
13.6124444444	257
10.6	16
7.60847457627	90
8.80208333333	22
12.9247311828	75
9.60311284047	21
13.4795682344	477
10.0988372093	13
9.08159722222	57
10.0251798561	168
7.75535168196	20
10.5721649485	30
12.8979166667	58
12.9202226345	123
7.30084745763	18
8.37096774194	65
11.5419847328	19
7.57239057239	20
7.84225352113	48
18.4087591241	27
10.568627451	78
9.10953058321	80
19.9958071279	55
10.776119403	6
15.8691588785	11
22.0872483221	18
11.1662125341	123
14.3103448276	38
10.8898678414	59
8.66685746995	350
9.51530612245	37
13.814889336	67
8.17034700315	31
7.21198156682	31
7.82735426009	14
7.3850931677	19
9.76958525346	33
12.4297520661	68
21.1235059761	42
7.171875	14
11.7716535433	25
10.499669967	373
11.2592592593	15
9.30660377358	88
10.9466019417	118
11.3215898826	121
13.9602272727	58
10.2351648352	167
10.6013986014	34
12.5837320574	46
9.83739837398	10
13.0495049505	12
10.8869565217	18
10.6481481481	13
9.85853658537	20
8.51339285714	6
14.6536796537	33
12.4035087719	10
14.4752066116	106
13.2486187845	13
10.64013267	92
8.32300884956	21
9.47040498442	40
8.37010676157	11
13.8851603281	260
8.37356321839	12
9.0294627383	56
10.6674208145	117
11.1699716714	48
9.91810344828	25
14.5082987552	35
13.966507177	47
11.4576271186	39
10.1632270169	100
10.880794702	10
10.0145772595	48
10.9674185464	40
10.3098591549	9
8.16893424036	64
12.5397260274	150
9.69874476987	33
9.62230215827	44
9.65584415584	12
26.8099173554	13
21.5735294118	21
11.0412844037	56
13.6363636364	20
16.8407079646	9
9.1593220339	28
11.0719211823	470
8.03982300885	37
9.7252173913	32
7.95275590551	53
11.1841004184	38
8.04536489152	30
9.99453551913	28
8.16176470588	19
9.36440677966	2
11.5658914729	56
8.90987124464	11
11.8541666667	13
9.52076677316	353
9.83185840708	0
11.0081967213	14
13.3223570191	130
12.109919571	61
11.8516075845	140
13.174	112
13.3640922768	233
10.8163934426	28
9.54468085106	40
9.58333333333	5
6.89423076923	7
12.0673076923	18
8.80216802168	11
6.8995215311	0
15.9439252336	10
16.7641509434	22
18.2468007313	133
12.8805031447	25
9.21946564885	66
15.506097561	17
13.4014869888	36
15.5421686747	26
21.9984459984	608
10.8648648649	20
14.0926315789	87
17.8274509804	151
12.3033333333	36
7.4203539823	6
13.2241813602	55
44.2342657343	16
14.6294642857	29
14.0963114754	109
19.8195488722	39
8.6234939759	37
26.9263157895	14
11.4278215223	106
11.3808095952	164
28.0736434109	21
12.5145348837	22
13.4779411765	25
21.0277777778	11
18.7153465347	112
13.1067961165	13
21.5449438202	24
14.2761506276	33
11.9792883696	352
11.4950980392	45
18.7820267686	132
18.7068965517	14
14.8636363636	65
10.672489083	37
16.7485380117	46
10.127340824	24
11.5405405405	2
87.0090909091	21
7.14090909091	3
24.8205128205	19
10.2761037141	299
12.3551401869	6
16.21	16
24.6342857143	14
13.7307692308	29
13.8433268859	173
15.1685144124	52
13.3185731857	111
24.7425149701	22
15.0492610837	42
9.78512396694	12
17.787037037	32
6.12745098039	3
18.3766578249	31
7.8679245283	3
9.72197309417	6
18.3653846154	17
16.4924578527	171
22.251497006	30
10.3100158983	149
19.5268817204	68
25.5890410959	113
7.28832116788	6
30.0161912105	830
19.1964285714	59
18.0948766603	153
13.998783455	132
15.0396341463	102
7.99565217391	16
16.2418604651	99
20.4099099099	226
11.6724137931	29
13.1257142857	131
12.9432624113	22
9.74850299401	46
16.6160714286	144
29.6166666667	45
11.9824355972	101
25.2696335079	270
20.4057649667	146
23.8354114713	244
28.013986014	63
18.9902912621	20
30.2393162393	54
18.990521327	175
23.2549019608	41
19.5137254902	62
12.9974836437	489
12.9209302326	48
13.7145522388	51
16.7598784195	129
10.4061135371	32
9.3685300207	29
12.4678362573	43
13.1327561328	146
7.1015037594	16
12.4065420561	172
45.9614325069	210
9.0269058296	12
16.8692307692	23
12.397979798	380
14.2477876106	8
10.4821428571	17
23.6558823529	129
16.9099437148	202
21.0628930818	162
9.40517241379	5
27.0224719101	113
11.537037037	42
29.6446280992	13
21.5480769231	27
18.9557522124	31
8.16216216216	11
14.4963325183	39
15.0627802691	21
13.4115044248	13
20.7672413793	23
16.7197032152	178
17.8967391304	28
11.2470414201	157
15.5714285714	43
16.5587301587	66
12.1423611111	28
19.4680252987	574
16.5549450549	39
19.3276450512	129
16.9944506104	212
14.4213483146	65
15.1260869565	23
15.7385892116	71
28.214849921	228
8.20253164557	21
14.0810313076	144
25.8859060403	52
13.253125	38
13.6265356265	47
20.5862068966	29
12.5940706956	121
15.8299595142	264
15.079002079	71
18.3460207612	63
11.1132075472	18
17.9669421488	20
33.5338345865	39
15.0448430493	107
25.9727272727	8
18.2869955157	27
21.575862069	76
13.2210526316	549
14.9900990099	60
18.2658662093	131
13.1308641975	81
17.6300813008	89
15.3019607843	36
14.1472392638	25
15.9848484848	36
16.3217391304	12
20.257751938	95
19.380952381	43
13.2916666667	20
13.0982849604	515
22.018018018	8
13.1	18
16.1044520548	221
17.6084656085	109
24.0760233918	301
17.6660341556	93
18.7200878156	262
24.3223684211	77
14.4678111588	62
12.8429752066	10
19.4952380952	27
27.0847457627	16
13.896039604	32
12.2488687783	12
11.349137931	9
23.1698113208	36
13.971169687	128
25.7848837209	30
18.5090634441	210
18.0139534884	48
21.3606557377	94
10.2698961938	23
49.2666060055	480
12.5168539326	39
17.2601054482	154
13.3465011287	122
11.8735632184	50
13.6536796537	36
15.7724425887	65
23.1591639871	150
8.3557312253	18
24.8738229755	150
28.0266666667	46
20.1929133858	122
17.6315789474	57
24.843537415	32
13.1152968037	105
17.4465493911	217
16.4789915966	72
15.7228070175	40
20.0569620253	48
11.9576271186	10
11.2279411765	20
21.6728723404	55
23.1428571429	32
19.7862318841	78
17.8258950466	691
28.18	105
13.5	63
11.7222222222	73
22.6422413793	104
13.3226452906	59
26.2051282051	57
19.8739495798	69
12.5254237288	5
17.6124031008	63
10.2735042735	20
24.6928571429	45
15.0816599732	609
27.0714285714	5
17.3445378151	33
18.6427350427	153
14.4112903226	84
19.1263598326	222
18.3268858801	78
44.2220708447	633
25.0721311475	60
31.5882352941	61
20.1724137931	10
12.1650793651	16
5.85430463576	0
5.93377483444	0
17.5410334347	100
13.0427350427	21
8.79885057471	82
12.1360544218	16
12.5384615385	28
9.06222222222	7
19.8402710552	351
11.0558659218	24
14.1731092437	131
15.0323943662	69
10.4504792332	59
6.14743589744	2
16.9750519751	70
6.97872340426	13
15.0866141732	69
20.724137931	24
8.80088495575	38
22.0066666667	103
32.2265625	36
9.77209944751	68
13.2556270096	123
15.3387096774	24
14.6869565217	17
22.664516129	27
20.5273972603	58
27.4206349206	18
11.1379310345	23
14.0795241077	346
9.26086956522	14
11.6658986175	24
9.3	24
10.6234567901	15
10.6153846154	32
9.72131147541	21
8.05732484076	15
13.5691489362	78
27.7488687783	85
6.96052631579	6
10.1489191353	270
16.3134715026	57
15.3105590062	53
18.1671232877	51
12.6096997691	138
11.9470404984	52
15.0222841226	236
13.628959276	31
17.4944444444	49
13.0909090909	8
23.2037037037	24
19.2767857143	2
14.9122340426	57
11.7055837563	29
9.93401015228	32
19.4752475248	17
16.3776041667	285
19.3333333333	35
14.137755102	132
14.8473684211	55
16.4578754579	93
17.3970037453	23
26.4347079038	661
16.0171428571	37
15.2677029361	71
11.3333333333	181
12.0726744186	39
14.887755102	53
12.5239085239	76
18.1514018692	175
15.0085106383	23
16.979338843	161
14.4485294118	22
11.9037800687	30
19.3571428571	86
22.2323943662	28
12.1041162228	78
12.0223463687	121
14.1634146341	146
18.0557768924	114
12.2101449275	17
8.57547169811	10
11.7430555556	10
36.7952755906	120
20.89	26
21.1034482759	35
17.3568281938	77
12.9979705733	574
12.1256281407	55
17.4334532374	57
13.7303370787	102
15.3188405797	47
16.6745182013	53
14.0552147239	23
13.3333333333	37
8.17	16
23.7328094303	81
10.8578680203	27
22.671875	41
10.7753623188	401
10.5377358491	7
17.5276679842	184
12.8991825613	61
15.7032967033	193
21.8063157895	169
10.8213507625	191
14.1302816901	39
10.1203703704	32
29.7	11
20.4455445545	25
16.5225225225	14
20.4018691589	4
12.9546599496	32
10.9815668203	5
9.56086956522	6
25.9724770642	29
13.2283333333	126
20.4320987654	36
12.2369747899	95
11.6186046512	30
12.1578947368	48
17.0494699647	24
21.7852049911	518
13.3197674419	37
12.3425605536	102
19.4885844749	198
10.5523255814	50
12.9910714286	34
10.6855345912	65
29.5869918699	177
6.53191489362	14
18.9118198874	181
28.306122449	58
11.7915407855	48
12.1809045226	50
20.4246575342	23
10.2568807339	108
15.5546334716	241
11.6778947368	40
11.215034965	44
10.6887417219	19
9.80172413793	2
10.8914728682	16
13.1732954545	78
14.1682242991	13
18.2142857143	13
15.688172043	43
12.7374274662	474
13.5837104072	54
12.8812392427	61
12.1212121212	74
17.5434782609	67
15.2248995984	39
12.5524861878	28
12.2767527675	21
15.7272727273	247
17.1996086106	77
12.9527896996	35
19.9338235294	25
12.235483871	384
12.5585585586	2
9.77586206897	14
14.4247787611	148
10.9653333333	56
25.9666958808	349
18.5620155039	115
7.46551724138	0
16.133105802	49
14.3783783784	40
9.73529411765	4
8.46153846154	4
21.7564469914	100
10.0228310502	29
9.20574162679	10
13.089047195	159
9.27338129496	8
8.30652173913	45
14.1617647059	10
13.507751938	39
9.81609195402	16
19.9685658153	534
13.175	28
13.568359375	74
13.9517923362	148
13.0697674419	22
14.3320683112	127
9.3475	27
7.87837837838	15
15.9630390144	105
11.592920354	9
19.1464646465	41
9.9297752809	14
21.4444444444	21
9.61074705111	89
12.2792792793	166
9.28841607565	20
8.26219512195	14
9.78861788618	13
14.3365384615	2
12.5161290323	7
9.43843843844	31
10.9651741294	15
22.4112903226	18
10.2276422764	28
39.2571428571	128
18.9337016575	45
9.27586206897	36
10.6638176638	28
10.6224489796	38
12.0363247863	25
17.4518518519	36
13.2718894009	15
6.35087719298	2
10.6431718062	53
10.7741935484	20
12.781512605	3
12.0427350427	339
9.8	0
15.3669064748	68
12.0836012862	46
15.1278846154	196
21.1103603604	59
42.8516129032	266
24.7857142857	64
45.131147541	50
26.2980769231	17
29.7085714286	140
13.6666666667	37
14.5680751174	21
32.7384196185	466
25.6064516129	21
17.2148626817	181
30.8333333333	89
17.8615384615	73
18.3223443223	37
19.2829900839	609
27.9202453988	79
25.7950191571	173
30.3029925187	377
20.6677740864	105
19.2941176471	209
19.7648456057	87
20.2190305206	199
10.5670995671	32
17.8199608611	149
26.4919354839	25
16.2749140893	90
26.7282608696	94
51.5416666667	40
16.4348341232	173
26.0518234165	225
17.3902912621	74
27.1338028169	35
32.8095238095	38
24.5365853659	29
13.9220779221	75
15.3333333333	15
21.88	32
13.1195219124	31
190.480072464	1009
21.5329949239	73
27.4186915888	98
25.1340782123	115
18.4429223744	66
17.9546391753	79
27.6503067485	48
13.0840336134	32
25.9907692308	136
37.7945492662	136
16.9107981221	37
28.3053435115	29
25.8884120172	333
12.7353361946	447
11.6111111111	4
16.1004784689	80
18.9275634995	245
28.649122807	136
9.86607142857	1
36.8014981273	74
39.904109589	83
42.0333333333	22
27.7788461538	41
12.1696428571	13
21.3055555556	43
17.8165137615	18
16.9022222222	21
22.5427385892	195
46.3609467456	53
18.5226586103	157
31.2524752475	88
31.5317725753	81
17.5246478873	22
42.8183292782	861
35.9005847953	51
27.6049822064	161
16.5308641975	188
26.1329305136	76
16.7564102564	23
26.1241830065	137
21.8060897436	167
7.32773109244	25
52.6706114398	437
32.6853146853	32
25.2222222222	66
22.4923857868	97
42.5373134328	55
17.0974477958	175
31.8248974008	315
27.7680525164	99
21.4723707665	75
35.3931034483	34
28.4444444444	29
20.1145038168	28
17.432885906	26
19.5625	20
25.6691449814	67
122.928735632	1642
14.4633027523	64
29.4108391608	146
23.5818181818	109
25.1674208145	71
18.7821782178	49
21.7624309392	37
16.4102564103	36
24.9438202247	120
43.1206225681	112
24.2599118943	32
36.7328244275	49
15.9015873016	285
15.1030383091	572
15.2522522523	2
41.6057692308	41
28.7619047619	261
22.8039215686	33
26.1804170444	269
45.135193133	191
17.8965517241	12
26.3972125436	66
36.5446428571	99
12.6890756303	4
25.5982142857	43
6.98305084746	14
17.1760391198	30
15.4009009009	15
17.7863247863	24
20.3243243243	33
15.151391162	158
17.6781609195	23
11.0160818713	127
22.1924882629	69
16.6865203762	78
16.2283737024	29
22.2706983441	608
14.7701149425	36
14.8730434783	106
16.6822742475	152
15.5426136364	76
19.632034632	57
14.9077568134	73
15.5496062992	83
9.86614173228	25
18.3295454545	196
28.2466666667	29
13.636627907	60
10.1990049751	44
30.2517482517	41
13.1361079865	109
21.0978552279	261
15.8197573657	51
14.6375	24
15.9083333333	15
7.19117647059	6
17.0721153846	109
16.1302325581	16
14.9450171821	49
35.1356113187	1538
19.9330357143	52
20.6947368421	132
15.6817042607	105
16.0532786885	68
10.8958742633	38
19.0944444444	56
15.8698884758	33
16.6459459459	97
12.1245210728	37
14.5622317597	29
19.1655172414	35
16.2060041408	209
11.1568627451	406
16.7105263158	0
23.1764705882	40
12.9703832753	144
12.6170212766	46
30.5531167691	353
23.8594059406	187
19.1724137931	9
14.7707641196	37
14.0643776824	57
