# Delays	Number of gates	Number of optimal gates	Difference
44.4885496183	22	19	3
13.4545454545	23	22	1
21.5945205479	52	42	10
28.2553191489	35	26	9
25.0837696335	27	23	4
34.0084602369	146	118	28
37.9064748201	28	22	6
18.1954624782	75	65	10
23.8522727273	28	26	2
42.0334728033	40	34	6
34.4948096886	45	36	9
67.7436170213	176	128	48
21.0532544379	30	25	5
31.6433333333	93	73	20
24.2820809249	105	88	17
22.217765043	56	43	13
35.5856697819	102	78	24
15.6995515695	54	48	6
34.4928571429	84	72	12
19.3053435115	31	27	4
28.7644110276	66	56	10
25.8275862069	21	17	4
36.4074074074	46	40	6
17.5153203343	59	51	8
31.4575163399	22	20	2
28.1323360184	130	108	22
25.6844547564	66	53	13
29.6174636175	66	53	13
26.3153846154	24	21	3
62.3106796117	15	12	3
43.3146067416	26	22	4
50.3369294606	194	153	41
17.1685393258	26	23	3
54.6620689655	27	23	4
33.0178571429	38	32	6
12.6307371349	182	164	18
43.6213592233	34	26	8
24.8834745763	82	74	8
15.7052238806	41	33	8
44.641025641	38	31	7
29.715370019	66	53	13
22.1387283237	29	25	4
40.702247191	36	31	5
22.1291989664	55	45	10
35.6156862745	69	56	13
29.5478723404	31	28	3
35.9824561404	19	15	4
19.5243986254	186	156	30
25.0363636364	17	16	1
32.5179856115	64	55	9
116.201550388	84	76	8
25.0549132948	57	45	12
34.189578714	125	104	21
28.0304054054	50	48	2
24.1704545455	32	24	8
54.5918367347	28	21	7
28.641509434	19	18	1
47.4642857143	22	22	0
9.84033613445	22	18	4
29.6363636364	69	55	14
54.8669527897	36	27	9
38.6652173913	38	28	10
158.97810219	75	53	22
48.6235476375	170	138	32
64.1733333333	25	20	5
61.4380952381	18	16	2
32.8914473684	83	72	11
64.4271356784	34	27	7
71.3088803089	47	36	11
38.2834890966	43	37	6
95.664882227	184	144	40
64.4651162791	40	31	9
54.9182282794	96	76	20
42.7521551724	109	87	22
51.3033707865	62	48	14
58.9803646564	107	84	23
35.2329059829	66	53	13
31.9471698113	32	29	3
31.4945454545	74	65	9
48.6044776119	27	23	4
51.6332288401	56	46	10
58.0446927374	56	49	7
43.3741496599	31	25	6
41.8046958378	137	111	26
43.2589073634	89	67	22
69.7550111359	77	59	18
49.4832402235	79	67	12
46.3629032258	22	17	5
95.8502994012	30	25	5
56.7930174564	86	73	13
22.9677419355	34	26	8
64.7073170732	32	25	7
56.3358490566	46	37	9
37.0588812561	291	225	66
40.8697478992	38	33	5
28.6791277259	96	76	20
36.0265780731	47	39	8
69.1473214286	48	35	13
39.7815275311	71	56	15
46.4404145078	31	27	4
55.5482625483	42	33	9
40.0264227642	139	119	20
96.9770642202	82	67	15
31.449339207	32	26	6
60.2148760331	26	21	5
26.6512083605	208	165	43
38.9051724138	18	15	3
47.6833333333	22	20	2
51.9790575916	68	48	20
44.8587041374	191	158	33
57.0800865801	81	69	12
28.9322033898	24	21	3
93.6483516484	52	44	8
46.5961538462	40	33	7
62.2676056338	27	24	3
54.954954955	23	20	3
55.8256880734	20	17	3
9.4	24	20	4
65.7174447174	71	54	17
82.3732718894	39	28	11
39.8837209302	38	28	10
96.5597484277	49	41	8
53.4455128205	175	135	40
56.7931034483	31	27	4
58.4901960784	18	15	3
27.358974359	81	69	12
49.4864864865	31	24	7
73.1797752809	54	38	16
51.0127388535	48	38	10
60.456286428	198	156	42
49.1358024691	33	28	5
72.6125	101	80	21
56.2920847269	121	89	32
51.1882716049	57	43	14
63.7130434783	114	85	29
34.8843537415	65	50	15
26.875	35	30	5
33.0076045627	77	66	11
44.4710144928	25	20	5
78.6563467492	65	53	12
90.0559701493	54	47	7
93.0746268657	24	20	4
42.4106382979	154	107	47
71.751572327	81	58	23
98.5384615385	80	67	13
104.959322034	66	59	7
60.424	27	23	4
105.938356164	29	24	5
150.607038123	79	65	14
33.075	37	30	7
41.9273743017	33	30	3
62.1814671815	51	42	9
27.6509433962	270	221	49
51.7053571429	41	32	9
36.8746031746	102	93	9
30.8526315789	46	38	8
55.7142857143	39	33	6
41.7287234043	73	56	17
58.2688172043	33	28	5
82.85	47	38	9
61.9561403509	24	17	7
197.850187266	61	48	13
58.6725663717	38	28	10
62.6637168142	22	19	3
19.7731755424	203	168	35
50.1981981982	19	16	3
50.6885245902	22	19	3
75.8987730061	59	45	14
47.0737509913	204	158	46
37.3758542141	77	62	15
44.2869565217	130	109	21
143.447368421	51	38	13
54.7339901478	35	29	6
57.4308943089	23	18	5
31.8166666667	21	20	1
53.9348441926	59	49	10
62.5425531915	37	33	4
54.5310734463	30	25	5
50.3389232127	166	136	30
45.947761194	25	21	4
26.4007633588	69	57	12
48.9320987654	30	24	6
44.0730593607	45	32	13
40.8073089701	44	36	8
53.7695560254	157	119	38
56.3591160221	32	27	5
69.1546875	115	102	13
66.3020304569	127	103	24
62.2057142857	62	49	13
64.2299382716	128	93	35
23.55	66	55	11
16.7960784314	33	28	5
25.7411764706	75	64	11
32.8188976378	23	19	4
52.5317460317	55	48	7
61.0402298851	59	49	10
81.3259259259	27	23	4
46.4344355758	138	102	36
43.4081081081	62	52	10
58.1221374046	74	59	15
97.7420924574	70	57	13
49.9075630252	23	21	2
148.896341463	37	30	7
99.5953757225	72	60	12
38.4624277457	37	28	9
53.5257142857	34	32	2
46.865	43	35	8
30.1729122056	248	208	40
43.3604651163	34	27	7
40.213559322	98	80	18
48.4961538462	45	37	8
48.65	45	37	8
45.575815739	77	62	15
38.6688741722	26	22	4
38.9268292683	34	28	6
50.1584158416	19	15	4
175.310904872	82	73	9
51.5	34	28	6
53.86	22	17	5
18.1853846154	178	148	30
71.5106888361	69	56	13
102.137755102	73	59	14
91.4409221902	205	157	48
20.0634146341	63	56	7
44.2527607362	120	98	22
91.7034220532	57	51	6
51.1052631579	29	22	7
38.7445255474	21	17	4
6.85245901639	21	19	2
40.1704260652	59	47	12
61.8916256158	37	31	6
37.7881773399	31	25	6
99.9671361502	51	45	6
56.2495840266	164	127	37
45.6774193548	25	21	4
32.6977928693	91	66	25
56.0	31	26	5
58.7736625514	46	34	12
46.4932432432	44	39	5
100.011560694	90	75	15
70.0662251656	32	24	8
84.9379562044	93	70	23
50.6009280742	115	93	22
59.7197640118	61	52	9
61.5469448584	110	82	28
44.4840764331	70	56	14
21.6640926641	33	29	4
44.5157480315	86	77	9
55.1853146853	56	47	9
65.8508287293	69	64	5
118.384057971	34	27	7
45.6041189931	136	101	35
76.2335025381	84	64	20
72.3866348449	75	61	14
109.623126338	73	61	12
42.2781954887	23	21	2
162.519230769	33	28	5
116.301969365	84	67	17
32.1336898396	33	24	9
65.2582781457	28	26	2
54.7955138237	283	219	64
61.0721153846	33	28	5
34.5957792208	99	86	13
48.4722222222	50	44	6
63.6532663317	43	37	6
40.7222222222	71	53	18
48.9204545455	29	25	4
58.0236966825	41	33	8
53.8461538462	18	15	3
181.375	96	73	23
37.5046728972	33	28	5
27.7512195122	194	153	41
75.495412844	19	15	4
47.7433628319	21	17	4
79.9710982659	61	48	13
77.5286738351	190	152	38
80.8991097923	62	48	14
39.3758865248	133	103	30
92.157480315	58	45	13
49.7908163265	32	28	4
46.5298507463	24	20	4
27.4344262295	21	18	3
39.1383495146	67	52	15
42.9086956522	35	31	4
34.3225806452	36	27	9
40.3577170418	168	136	32
66.8692307692	27	22	5
30.6363636364	90	73	17
43.3179487179	32	28	4
73.833976834	52	42	10
32.9862542955	43	36	7
76.7674418605	74	53	21
70.6899224806	24	21	3
65.5682242991	87	72	15
31.9526952695	116	93	23
50.024691358	56	45	11
48.9900568182	111	82	29
42.2026431718	70	54	16
73.1473296501	88	71	17
13.2093023256	29	26	3
48.3113006397	82	66	16
62.5932721713	60	46	14
35.3978494624	62	53	9
54.0181818182	23	18	5
27.2559188275	135	104	31
71.6545012165	82	64	18
66.3071593533	78	61	17
67.5108108108	83	63	20
65.1074380165	25	22	3
113.134751773	32	26	6
58.3608957795	183	161	22
23.691943128	33	28	5
73.3644067797	25	20	5
85.3261802575	48	38	10
52.5745243129	293	232	61
34.0509259259	37	31	6
29.3787085515	85	79	6
37.503164557	49	40	9
68.4507042254	42	34	8
34.3489681051	71	57	14
44.0054347826	31	26	5
59.4398496241	46	37	9
30.9826086957	20	17	3
54.5747126437	72	59	13
39.2162162162	32	26	6
35.7672826831	217	169	48
34.0869565217	17	15	2
55.6363636364	20	18	2
71.7056962025	57	44	13
105.108225108	70	47	23
82.144772118	77	58	19
54.5393386545	140	113	27
75.7985074627	57	49	8
52.095	35	28	7
43.0086206897	20	17	3
9.38679245283	20	18	2
21.0252808989	57	43	14
27.0913461538	29	25	4
20.7804878049	30	26	4
27.0460176991	149	119	30
58.6	26	20	6
30.1828153565	84	68	16
45.4325842697	29	25	4
41.7565543071	53	39	14
17.7423076923	41	37	4
54.5108853411	125	105	20
49.4797297297	32	26	6
47.650671785	84	67	17
23.7905236908	113	89	24
44.053968254	59	46	13
31.9073529412	102	81	21
33.2360801782	59	50	9
32.5476190476	70	59	11
7.9313304721	28	25	3
32.829787234	76	64	12
38.3803680982	48	47	1
24.9351351351	59	50	9
50.694214876	22	20	2
28.8920676203	127	111	16
45.3838383838	83	72	11
46.0705882353	76	57	19
40.983908046	65	53	12
41.3166666667	22	19	3
60.6862745098	20	18	2
64.1363636364	30	25	5
29.2626362735	165	142	23
16.3883495146	33	31	2
42.4117647059	21	17	4
40.6877637131	43	33	10
63.8758769563	313	247	66
21.2376237624	32	27	5
27.8288973384	81	71	10
36.7711864407	55	43	12
35.2216494845	36	27	9
13.5230125523	71	59	12
26.3837209302	32	23	9
27.8352941176	42	33	9
22.4444444444	20	19	1
79.0863874346	64	55	9
23.2898550725	29	23	6
59.1730769231	20	16	4
24.9250681199	198	159	39
20.3762376238	17	16	1
34.5742574257	18	17	1
44.4817073171	54	44	10
35.9880952381	49	36	13
61.5221843003	62	46	16
24.8033635188	121	105	16
52.842519685	55	49	6
29.3033175355	37	29	8
20.814516129	21	18	3
28.5	19	18	1
12.5	19	18	1
24.2647058824	58	49	9
19.875	31	28	3
16.5727272727	30	27	3
26.8878504673	18	16	2
27.5327510917	158	126	32
22.1929824561	26	24	2
18.4248861912	86	71	15
28.612244898	31	24	7
38.5526315789	51	43	8
14.5890909091	42	37	5
41.9937402191	206	159	47
27.3953488372	31	28	3
28.1418439716	83	74	9
34.2200956938	116	90	26
23.6081871345	52	46	6
26.4039548023	98	80	18
19.642384106	60	52	8
36.3026548673	84	72	12
6.47881355932	29	24	5
18.2736030829	68	60	8
30.309352518	23	19	4
22.6763848397	55	51	4
15.835443038	63	56	7
32.3237410072	25	22	3
18.034965035	131	103	28
29.0818505338	82	67	15
24.6877637131	74	64	10
19.2752293578	74	65	9
17.3933333333	24	20	4
30.8245614035	18	16	2
56.6971830986	25	22	3
22.4516728625	174	155	19
16.7836538462	34	32	2
27.568627451	19	16	3
31.5621301775	33	28	5
24.6339622642	43	40	3
25.6343545957	272	216	56
31.5070422535	33	27	6
20.573800738	87	76	11
14.7012658228	55	48	7
24.2913043478	40	33	7
14.6045548654	68	58	10
24.9885057471	33	29	4
25.0676691729	40	35	5
22.5178571429	20	19	1
32.6618852459	72	61	11
22.09375	32	29	3
25.9440559441	25	19	6
19.2864792503	198	173	25
17.5044247788	17	15	2
25.4594594595	19	16	3
29.7972222222	58	48	10
25.6120092379	67	61	6
30.7306843267	76	62	14
25.8269689737	126	108	18
50.8953488372	55	50	5
18.9821428571	34	29	5
31.0	19	19	0
25.3518518519	22	19	3
22.7857142857	19	17	2
15.0544554455	59	46	13
17.3086956522	32	28	4
15.9642857143	32	25	7
18.5272727273	18	17	1
21.1898110107	162	133	29
20.1186440678	33	26	7
11.5465288035	81	69	12
25.520361991	34	30	4
23.0996784566	51	41	10
23.2283737024	42	37	5
32.4009360374	189	155	34
19.347826087	32	28	4
22.558573854	87	75	12
29.0391061453	122	96	26
16.2281690141	54	47	7
22.6791946309	104	85	19
11.2510373444	59	53	6
23.5264	87	71	16
11.347107438	28	24	4
11.791433892	71	63	8
24.4802631579	27	23	4
25.3801169591	50	42	8
16.2088452088	61	53	8
30.4527027027	23	22	1
18.2723112128	123	107	16
17.2745424293	83	62	21
17.1607515658	68	60	8
18.6006825939	73	63	10
15.1847133758	26	21	5
17.3333333333	18	17	1
45.3611111111	25	21	4
20.417157275	183	161	22
13.4260089686	34	32	2
26.8532110092	18	15	3
30.1506849315	41	36	5
24.361774744	48	40	8
17.0081300813	260	221	39
19.972972973	34	28	6
14.9380378657	83	75	8
14.1831683168	54	44	10
20.1115702479	39	32	7
12.7745098039	69	56	13
24.9421965318	31	25	6
31.3203125	44	36	8
27.0462962963	20	18	2
25.2906309751	72	62	10
25.5278969957	33	28	5
18.4084507042	24	19	5
22.369189907	203	170	33
17.8070175439	17	16	1
20.0166666667	21	18	3
23.5778364116	57	46	11
28.8917647059	58	50	8
14.6557692308	74	61	13
20.25382263	137	111	26
25.7372013652	57	52	5
17.7086956522	38	32	6
16.9016393443	20	18	2
28.2772277228	19	18	1
35.5315315315	19	18	1
17.7457627119	20	17	3
19.2457002457	59	46	13
17.8744588745	32	27	5
13.8898678414	32	26	6
31.525862069	18	18	0
16.8402948403	158	133	25
32.2259887006	34	27	7
13.0221238938	86	71	15
22.9255813953	38	30	8
25.7611464968	55	49	6
17.7889273356	43	37	6
41.6328538986	204	152	52
21.1299435028	29	24	5
22.9054982818	85	70	15
25.5982241953	123	97	26
18.566572238	54	44	10
17.3231788079	97	80	17
18.4575569358	62	54	8
39.7	94	70	24
23.3449612403	29	27	2
24.9497206704	75	63	12
23.9802631579	25	19	6
17.0749279539	47	43	4
33.4813895782	68	57	11
32.8657718121	23	22	1
19.2474804031	122	101	21
28.1684210526	83	66	17
25.0479166667	75	62	13
25.411965812	79	65	14
13.3395061728	26	21	5
20.3174603175	20	17	3
45.4652777778	24	20	4
21.8890756303	179	155	24
14.7937219731	37	31	6
31.6697247706	18	17	1
32.6577777778	43	37	6
23.8442906574	47	37	10
23.6020507812	275	221	54
13.3832599119	32	27	5
12.1601362862	82	77	5
18.2982005141	53	43	10
22.2520661157	39	30	9
18.7563352827	69	56	13
17.2065217391	30	27	3
17.9709090909	39	35	4
15.4912280702	19	19	0
33.0076335878	75	64	11
29.8510638298	30	27	3
21.598540146	23	19	4
17.3540575916	194	160	34
16.8938053097	19	15	4
19.0743801653	20	19	1
19.2466843501	57	45	12
31.9342723005	78	59	19
19.9621212121	81	68	13
16.5799595142	127	107	20
43.2781456954	55	52	3
19.3948497854	38	29	9
21.6086956522	21	18	3
12.7635135135	45	40	5
8.85064935065	23	20	3
9.88079470199	23	20	3
18.4513184584	143	126	17
24.2477876106	19	16	3
31.7287128713	80	63	17
28.2056737589	22	18	4
19.9035532995	34	29	5
12.3930131004	36	33	3
24.0263929619	152	128	24
23.3111111111	37	32	5
38.1430976431	94	78	16
19.2389127325	97	79	18
23.5784313725	53	45	8
21.2820512821	91	76	15
20.7004219409	71	55	16
9.6512605042	31	29	2
16.6105263158	60	58	2
18.9912280702	20	17	3
13.9055793991	44	34	10
29.8344594595	51	44	7
49.1532258065	22	19	3
14.9375866852	112	91	21
34.5975232198	49	42	7
47.6118598383	63	48	15
14.6315789474	19	16	3
59.3473053892	32	26	6
15.442791762	147	125	22
9.41721854305	25	25	0
20.0078125	29	28	1
21.4046242775	30	28	2
39.5675332911	275	215	60
15.16875	26	22	4
14.3890160183	71	58	13
24.3692946058	41	33	8
14.2331288344	28	28	0
19.4079254079	66	52	14
13.3852459016	21	18	3
10.5670731707	27	25	2
39.9086021505	63	51	12
95.8831521739	83	66	17
7.91333333333	24	22	2
15.4344995932	169	145	24
38.2086720867	62	51	11
31.8718662953	71	55	16
16.3787375415	51	50	1
23.517571885	53	46	7
15.1675749319	102	85	17
28.576419214	58	56	2
31.3370165746	36	28	8
12.2909090909	17	16	1
10.1214953271	21	16	5
5.86607142857	20	18	2
19.5666666667	55	48	7
24.4234693878	30	26	4
14.256281407	28	24	4
10.8130841121	17	16	1
18.7611940299	135	113	22
7.57419354839	24	21	3
12.090443686	77	68	9
8.3641025641	30	23	7
10.6549295775	47	44	3
9.47426470588	39	34	5
12.9207317073	181	151	30
12.6494252874	29	24	5
13.4561101549	83	74	9
13.7061611374	102	82	20
14.1812865497	54	47	7
11.0641562064	91	82	9
9.30371900826	57	52	5
16.5249537893	72	60	12
8.58333333333	29	25	4
8.68623481781	70	60	10
11.618705036	23	20	3
11.7575757576	49	44	5
9.09863013699	58	53	5
19.9568345324	24	21	3
8.57211538462	123	106	17
10.2257425743	70	60	10
24.8631790744	69	60	9
13.8785714286	23	19	4
12.8070175439	18	15	3
32.7074829932	26	22	4
15.9038984587	160	142	18
14.9844559585	31	26	5
9.98095238095	37	34	3
10.2532188841	42	37	5
11.5945399393	246	212	34
13.1959798995	28	24	4
7.39716312057	83	78	5
10.1325966851	50	43	7
11.5136363636	34	30	4
12.8298319328	61	53	8
12.6012269939	27	23	4
14.4337899543	35	33	2
26.1793478261	54	46	8
25.89958159	70	57	13
12.3333333333	29	25	4
8.31060606061	24	21	3
10.0738031915	180	155	25
19.7545454545	17	16	1
14.8457831325	66	56	10
11.9338624339	64	59	5
9.76875	67	57	10
12.6182618262	123	104	19
11.4628975265	55	53	2
7.47465437788	32	29	3
7.01652892562	18	17	1
10.3055555556	17	17	0
9.49137931034	19	16	3
23.1296296296	21	18	3
8.36476426799	55	49	6
7.49783549784	29	26	3
7.38095238095	31	27	4
10.0683760684	19	17	2
10.0473421927	154	132	22
10.8864864865	30	26	4
8.800330033	80	69	11
9.63677130045	32	29	3
10.2356687898	46	40	6
9.07692307692	45	41	4
12.013185288	179	148	31
9.00568181818	27	23	4
10.0981067126	81	71	10
9.83826879271	104	89	15
9.8433048433	51	46	5
9.27260273973	91	77	14
16.8246346555	61	53	8
20.8076923077	94	74	20
7.1512605042	29	25	4
9.26277372263	72	59	13
13.9801324503	24	20	4
6.53216374269	46	44	2
9.11166253102	60	51	9
16.8219178082	24	21	3
7.3625	122	103	19
10.3923205342	74	64	10
8.79833679834	66	60	6
16.6672413793	78	66	12
12.3885350318	25	22	3
8.62601626016	19	17	2
30.4492753623	24	20	4
14.0734323432	178	153	25
7.63063063063	33	32	1
21.7787610619	18	15	3
13.5565217391	41	36	5
7.90169491525	42	36	6
10.3248803828	243	213	30
10.1422222222	30	25	5
8.36130136986	84	76	8
7.1364764268	52	44	8
10.0772357724	33	28	5
9.79684418146	68	60	8
8.40322580645	27	24	3
11.1277372263	42	39	3
5.50847457627	19	19	0
11.951171875	72	68	4
9.47186147186	28	27	1
10.0827586207	22	21	1
11.1545396008	186	160	26
13.5135135135	19	16	3
14.5166666667	19	17	2
12.2439678284	53	48	5
8.13513513514	66	60	6
9.21722846442	75	67	8
16.1340839304	137	104	33
12.6229508197	52	49	3
8.38095238095	32	29	3
7.11666666667	20	19	1
14.6545454545	18	16	2
18.7980769231	19	18	1
9.31398416887	56	49	7
6.6563876652	31	29	2
6.83253588517	28	24	4
12.7037037037	18	17	1
11.6546572935	144	121	23
10.6228571429	26	25	1
7.71428571429	79	65	14
10.3891625616	30	24	6
12.8859060403	46	39	7
8.45945945946	40	36	4
14.3787878788	170	135	35
17.04	30	26	4
11.1306715064	80	68	12
12.5291970803	107	88	19
12.6952662722	49	42	7
9.70948905109	88	78	10
8.97592997812	56	49	7
10.2292020374	77	65	12
14.7522123894	26	23	3
16.2007722008	71	62	9
15.5486111111	21	18	3
7.2573964497	44	40	4
15.0313315927	57	51	6
21.0148148148	20	18	2
9.38392857143	117	102	15
9.19591141397	73	62	11
11.0281385281	67	62	5
12.9205175601	73	63	10
9.33566433566	23	18	5
11.1610169492	17	16	1
26.5757575758	22	19	3
14.9496676163	166	146	20
6.45238095238	32	32	0
8.71153846154	16	15	1
10.9351851852	39	33	6
9.8202247191	36	31	5
8.42814070352	234	204	30
10.4741784038	31	25	6
8.62383612663	79	74	5
8.06940874036	51	47	4
9.06306306306	32	30	2
10.5210084034	68	59	9
8.89142857143	25	21	4
7.4	38	34	4
5.80530973451	19	19	0
14.106918239	66	56	10
12.1198156682	30	26	4
8.79856115108	21	19	2
11.1082337317	175	157	18
13.2735849057	18	16	2
10.6956521739	18	15	3
12.3447293447	49	43	6
9.59831460674	50	45	5
9.92682926829	72	64	8
10.1391509434	114	97	17
12.9233449477	53	51	2
8.77625570776	31	26	5
24.0081300813	19	18	1
6.48181818182	17	15	2
6.23076923077	20	17	3
6.89033942559	53	44	9
5.6592920354	29	27	2
6.27027027027	31	26	5
7.50909090909	16	14	2
10.8295053004	153	125	28
10.5813953488	28	24	4
12.3448275862	83	68	15
12.985645933	35	29	6
16.2025316456	50	43	7
8.1897810219	42	37	5
15.1168649405	186	151	35
13.3276836158	30	26	4
14.8591800357	79	67	12
10.514084507	103	87	16
18.6907514451	48	42	6
14.3926174497	80	70	10
11.863340564	58	50	8
37.722614841	84	73	11
16.4612068966	29	25	4
12.9553903346	74	63	11
23.2965517241	26	23	3
11.9537572254	48	42	6
17.4974874372	68	63	5
28.1901408451	22	21	1
8.93981481481	118	99	19
8.70503597122	86	74	12
15.3382663848	69	59	10
13.3774954628	72	60	12
14.3202614379	23	21	2
27.5966386555	22	18	4
34.8582089552	24	21	3
12.6998158379	166	145	21
7.51162790698	33	31	2
16.1132075472	16	15	1
17.3796296296	39	34	5
11.852398524	41	35	6
10.94417238	243	208	35
8.10599078341	28	25	3
8.74354243542	82	76	6
13.7345360825	55	47	8
13.6764705882	36	33	3
8.44855967078	64	56	8
9.65168539326	29	28	1
10.7490636704	40	35	5
4.40677966102	20	19	1
21.5452631579	66	57	9
8.81777777778	29	25	4
18.020979021	24	20	4
8.71739130435	177	155	22
8.97321428571	17	15	2
20.6525423729	21	19	2
21.4175824176	60	48	12
14.3424036281	69	64	5
12.3046875	73	60	13
11.323798627	118	103	15
25.5429553265	52	49	3
9.88986784141	34	31	3
12.0081300813	18	16	2
18.91	17	16	1
12.4137931034	19	17	2
21.4272727273	20	19	1
11.5036855037	56	49	7
10.5341880342	31	25	6
9.88938053097	32	27	5
14.5196078431	16	15	1
18.2033195021	158	138	20
16.2717391304	30	26	4
10.4218289086	81	67	14
12.8973214286	34	30	4
23.1128526646	53	47	6
11.8626760563	41	36	5
24.7132459971	200	158	42
14.8369565217	28	24	4
13.352739726	83	71	12
16.1223581758	114	91	23
15.0702247191	52	45	7
25.3614864865	86	68	18
15.4	60	53	7
20.9609375	89	72	17
8.49579831933	30	26	4
13.05	75	66	9
18.4248366013	25	20	5
11.0057636888	47	43	4
13.3014705882	60	55	5
28.7074829932	23	21	2
10.1291053228	120	103	17
12.0732700136	92	75	17
14.3381443299	70	62	8
16.9008547009	81	68	13
9.73291925466	25	20	5
15.6290322581	18	16	2
20.4347826087	22	20	2
18.3821070234	175	155	20
8.27232142857	32	32	0
10.7256637168	17	16	1
19.2969432314	42	34	8
18.381443299	44	37	7
14.6436726927	254	214	40
12.3114035088	29	26	3
12.8116438356	85	75	10
13.1474201474	56	47	9
18.1336032389	38	32	6
14.4514851485	68	58	10
11.9946236559	28	26	2
13.8905109489	40	34	6
10.813559322	19	19	0
15.4186046512	72	63	9
11.8412017167	29	25	4
22.387755102	24	20	4
12.1959896507	183	162	21
10.7787610619	17	16	1
15.8983050847	19	16	3
16.3607427056	55	42	13
18.155210643	71	64	7
22.6996197719	77	69	8
14.0232088799	126	106	20
19.2671009772	53	49	4
18.5775862069	34	29	5
14.8951612903	19	18	1
16.1568627451	17	14	3
15.8125	21	16	5
20.7796610169	21	20	1
12.5514705882	56	48	8
13.9568965517	32	28	4
10.8836206897	31	28	3
11.8547008547	18	16	2
14.7329498767	156	130	26
17.7923497268	31	28	3
10.0516224189	78	67	11
12.1919642857	32	29	3
18.1588785047	52	46	6
14.3249097473	39	35	4
22.7341411262	191	153	38
9.88888888889	26	24	2
11.7696245734	83	71	12
11.140954495	107	88	19
12.2067039106	53	45	8
10.9033333333	73	62	11
14.2520661157	60	55	5
23.7320574163	90	72	18
7.35433070866	30	26	4
8.53610108303	71	62	9
16.4805194805	24	22	2
12.5775862069	47	41	6
11.5343137255	58	53	5
13.6054421769	24	21	3
12.7820224719	123	111	12
13.3044058745	91	76	15
18.0473251029	68	59	9
12.3157894737	77	64	13
13.487654321	25	21	4
16.1349206349	20	16	4
30.5285714286	25	20	5
14.2034596376	177	153	24
10.9598214286	33	32	1
15.9	16	14	2
14.1115879828	41	38	3
13.5709459459	44	40	4
11.9482922201	256	219	37
11.451754386	30	25	5
13.4896551724	82	75	7
10.7665847666	52	45	7
12.8709677419	35	31	4
13.9012096774	69	59	10
10.4945652174	30	26	4
9.92	38	35	3
16.5169491525	20	19	1
8.33333333333	70	61	9
15.0127118644	28	24	4
15.6530612245	22	18	4
11.3063178047	186	156	30
9.85714285714	16	16	0
17.4274193548	20	17	3
16.9762532982	59	48	11
13.7795100223	69	59	10
10.7555555556	76	64	12
14.2485089463	132	111	21
15.5081433225	50	50	0
10.2118644068	34	28	6
9.0	22	19	3
11.1337579618	45	37	8
6.88461538462	25	20	5
7.24503311258	24	20	4
14.170212766	138	121	17
14.4827586207	21	17	4
8.98837209302	62	57	5
14.2416107383	23	18	5
18.351758794	35	31	4
7.44594594595	32	31	1
29.0737179487	146	119	27
14.0054945055	34	31	3
14.1072026801	81	69	12
9.90285714286	96	82	14
13.4530744337	49	41	8
14.1804281346	48	43	5
14.4467640919	59	54	5
8.0	32	28	4
11.6962365591	59	50	9
13.7787610619	18	17	1
16.5670995671	43	35	8
12.6454849498	46	42	4
24.8139534884	19	17	2
11.3665283541	114	89	25
12.9185667752	86	77	9
19.3571428571	58	47	11
15.5130434783	20	18	2
13.6	26	23	3
16.2985074627	148	133	15
6.8322147651	25	25	0
20.8253968254	32	30	2
16.5511363636	32	27	5
10.4575289575	200	174	26
10.7888198758	26	23	3
9.60714285714	75	64	11
9.184	40	34	6
24.5185185185	31	27	4
8.36904761905	64	57	7
11.384	20	17	3
13.3272727273	27	25	2
23.0026595745	59	49	10
15.4017857143	62	56	6
9.84516129032	26	22	4
8.82684670373	166	139	27
14.0310880829	57	48	9
16.7213114754	62	57	5
74.5273972603	79	70	9
15.9488817891	50	47	3
11.2675675676	101	83	18
26.3991416309	52	51	1
13.904494382	30	24	6
13.9454545455	18	14	4
15.4134615385	19	15	4
7.15178571429	20	18	2
10.3956639566	49	42	7
10.5721649485	29	24	5
9.66321243523	27	24	3
11.21	18	17	1
13.6124444444	131	112	19
10.6	23	20	3
7.60847457627	75	64	11
8.80208333333	28	23	5
12.9247311828	46	41	5
9.60311284047	38	30	8
13.4795682344	176	154	22
10.0988372093	26	23	3
9.08159722222	81	72	9
10.0251798561	95	80	15
7.75535168196	48	43	5
9.30660377358	60	52	8
12.8979166667	57	52	5
12.9202226345	69	60	9
7.30084745763	29	25	4
8.37096774194	65	56	9
11.5419847328	21	19	2
7.57239057239	47	42	5
7.84225352113	57	52	5
18.4087591241	20	19	1
10.568627451	119	98	21
9.10953058321	89	76	13
19.9958071279	58	51	7
10.776119403	23	20	3
15.8691588785	16	15	1
22.0872483221	25	20	5
11.3215898826	161	137	24
11.71875	30	25	5
14.3103448276	37	33	4
10.8898678414	39	34	5
8.66685746995	225	198	27
9.51530612245	27	25	2
13.814889336	81	73	8
8.17034700315	42	37	5
7.21198156682	33	31	2
7.82735426009	57	51	6
7.3850931677	26	23	3
9.76958525346	36	32	4
12.4297520661	51	45	6
21.1235059761	67	57	10
7.171875	26	22	4
11.7716535433	22	18	4
10.499669967	176	150	26
11.2592592593	19	16	3
10.9466019417	61	51	10
11.1662125341	62	57	5
13.9602272727	57	50	7
10.2351648352	119	99	20
10.6013986014	55	50	5
12.5837320574	34	31	3
9.83739837398	17	17	0
13.0495049505	15	14	1
10.8869565217	22	18	4
10.6481481481	20	17	3
9.85853658537	57	51	6
9.91810344828	29	26	3
14.6536796537	31	26	5
12.4035087719	17	16	1
14.4752066116	155	137	18
13.2486187845	30	28	2
10.64013267	80	68	12
8.32300884956	34	30	4
9.47040498442	48	43	5
8.37010676157	41	37	4
13.8851603281	171	142	29
8.37356321839	27	23	4
9.0294627383	81	72	9
10.6674208145	115	86	29
11.1699716714	51	48	3
13.3223570191	72	61	11
14.5082987552	58	56	2
13.966507177	86	68	18
11.4576271186	30	25	5
10.1632270169	68	60	8
10.880794702	23	21	2
10.0145772595	47	44	3
10.9674185464	59	53	6
10.3098591549	21	18	3
8.16893424036	120	106	14
12.5397260274	89	75	14
9.69874476987	68	61	7
9.62230215827	69	61	8
9.65584415584	26	20	6
26.8099173554	20	17	3
21.5735294118	22	19	3
11.8516075845	175	152	23
8.51339285714	33	32	1
13.6363636364	17	16	1
16.8407079646	40	38	2
9.1593220339	44	39	5
11.0719211823	245	211	34
8.03982300885	29	26	3
9.7252173913	78	74	4
7.95275590551	50	41	9
11.1841004184	33	28	5
8.04536489152	67	62	5
9.99453551913	27	23	4
8.16176470588	38	33	5
9.36440677966	19	18	1
11.5658914729	71	63	8
8.90987124464	30	26	4
11.8541666667	20	18	2
9.52076677316	180	158	22
9.83185840708	17	15	2
11.0081967213	20	19	1
12.109919571	51	44	7
11.0412844037	63	54	9
13.174	75	58	17
13.3640922768	134	104	30
10.8163934426	53	48	5
9.54468085106	33	28	5
9.58333333333	18	16	2
6.89423076923	16	14	2
12.0673076923	19	17	2
8.80216802168	52	45	7
7.4203539823	29	27	2
15.9439252336	29	25	4
16.7641509434	17	15	2
18.2468007313	135	117	18
12.8805031447	30	27	3
9.21946564885	68	61	7
15.506097561	27	22	5
13.4014869888	40	35	5
15.5421686747	39	34	5
21.9984459984	180	142	38
10.8648648649	23	20	3
14.0926315789	75	63	12
17.8274509804	98	83	15
12.3033333333	45	41	4
24.6342857143	61	56	5
13.2241813602	56	54	2
44.2342657343	79	65	14
14.6294642857	28	24	4
14.0963114754	65	55	10
19.8195488722	24	20	4
8.6234939759	44	40	4
26.9263157895	55	48	7
11.4278215223	118	99	19
11.3808095952	87	76	11
28.0736434109	67	65	2
12.5145348837	72	61	11
13.4779411765	23	20	3
21.0277777778	20	16	4
13.8433268859	155	140	15
6.8995215311	32	32	0
13.1067961165	17	14	3
21.5449438202	37	30	7
14.2761506276	34	31	3
11.9792883696	237	199	38
11.4950980392	30	26	4
18.7820267686	80	75	5
18.7068965517	47	39	8
14.8636363636	33	28	5
10.672489083	63	51	12
16.7485380117	28	25	3
10.127340824	39	34	5
11.5405405405	19	19	0
87.0090909091	59	55	4
7.14090909091	28	24	4
24.8205128205	20	18	2
10.2761037141	169	147	22
12.3551401869	18	15	3
16.21	17	14	3
13.7307692308	47	40	7
18.7153465347	61	53	8
15.1685144124	73	64	9
13.3185731857	108	93	15
24.7425149701	32	28	4
15.0492610837	32	27	5
9.78512396694	19	18	1
17.787037037	20	17	3
6.12745098039	18	18	0
18.3766578249	58	45	13
7.99565217391	29	26	3
9.72197309417	31	26	5
18.3653846154	16	14	2
16.4924578527	144	117	27
22.251497006	28	25	3
10.3100158983	81	68	13
19.5268817204	31	25	6
25.5890410959	53	45	8
7.28832116788	41	37	4
30.0161912105	197	150	47
19.1964285714	29	25	4
18.0948766603	77	62	15
13.998783455	101	86	15
15.0396341463	51	44	7
13.1327561328	92	78	14
16.2418604651	56	46	10
20.4099099099	78	68	10
11.6724137931	28	26	2
13.1257142857	74	64	10
12.9432624113	22	21	1
9.74850299401	47	40	7
16.6160714286	60	53	7
29.6166666667	21	17	4
11.9824355972	119	100	19
25.2696335079	72	64	8
20.4057649667	67	55	12
23.8354114713	68	59	9
28.013986014	26	22	4
18.9902912621	16	16	0
30.2393162393	24	22	2
16.9099437148	164	139	25
7.8679245283	32	32	0
23.2549019608	39	33	6
19.5137254902	42	34	8
12.9974836437	242	206	36
12.9209302326	29	25	4
13.7145522388	81	73	8
16.7598784195	55	46	9
10.4061135371	31	28	3
9.3685300207	67	55	12
12.4678362573	26	23	3
7.1015037594	38	36	2
12.4065420561	116	96	20
45.9614325069	66	55	11
9.0269058296	28	23	5
16.8692307692	21	19	2
12.397979798	179	154	25
14.2477876106	17	15	2
10.4821428571	21	17	4
23.6558823529	53	44	9
18.990521327	69	60	9
21.0628930818	74	58	16
9.40517241379	19	19	0
27.0224719101	57	54	3
11.537037037	33	28	5
29.6446280992	19	18	1
21.5480769231	19	17	2
18.9557522124	21	18	3
8.16216216216	21	20	1
14.4963325183	60	49	11
15.1260869565	31	25	6
13.4115044248	32	28	4
20.7672413793	19	18	1
16.7197032152	160	128	32
17.8967391304	33	29	4
11.2470414201	81	68	13
15.5714285714	31	27	4
16.5587301587	48	44	4
12.1423611111	44	37	7
19.4680252987	189	161	28
16.5549450549	32	26	6
19.3276450512	86	68	18
16.9944506104	118	92	26
14.4213483146	52	45	7
16.1044520548	80	68	12
15.7385892116	63	57	6
28.214849921	99	78	21
8.20253164557	29	26	3
14.0810313076	75	69	6
25.8859060403	26	21	5
13.253125	45	40	5
13.6265356265	63	54	9
20.5862068966	24	23	1
12.5940706956	123	104	19
15.8299595142	103	79	24
15.079002079	68	61	7
18.3460207612	72	63	9
11.1132075472	29	24	5
17.9669421488	20	17	3
33.5338345865	23	21	2
24.0760233918	179	155	24
15.0627802691	34	32	2
25.9727272727	15	14	1
18.2869955157	39	32	7
21.575862069	46	42	4
13.2210526316	253	210	43
14.9900990099	33	29	4
18.2658662093	89	80	9
13.1308641975	53	47	6
17.6300813008	38	31	7
15.3019607843	68	56	12
14.1472392638	27	24	3
15.9848484848	39	34	5
16.3217391304	19	19	0
20.257751938	72	65	7
19.380952381	31	25	6
13.2916666667	21	18	3
13.0982849604	190	156	34
22.018018018	18	15	3
13.1	19	16	3
17.6084656085	54	46	8
15.0448430493	69	61	8
17.6660341556	78	64	14
18.7200878156	132	107	25
24.3223684211	54	47	7
14.4678111588	34	31	3
12.8429752066	19	17	2
19.4952380952	19	16	3
27.0847457627	20	19	1
13.896039604	57	47	10
13.6536796537	30	26	4
11.349137931	30	28	2
23.1698113208	17	14	3
13.971169687	155	128	27
25.7848837209	32	26	6
18.5090634441	89	70	19
18.0139534884	31	27	4
21.3606557377	51	43	8
10.2698961938	41	38	3
49.2666060055	179	140	39
12.5168539326	28	24	4
17.2601054482	82	70	12
13.3465011287	107	85	22
11.8735632184	49	44	5
18.6427350427	77	67	10
15.7724425887	60	52	8
23.1591639871	95	77	18
8.3557312253	30	27	3
24.8738229755	77	67	10
28.0266666667	27	23	4
20.1929133858	46	39	7
17.6315789474	64	57	7
24.843537415	25	22	3
13.1152968037	121	109	12
17.4465493911	95	76	19
16.4789915966	70	61	9
15.7228070175	76	63	13
20.0569620253	29	23	6
11.9576271186	18	15	3
11.2279411765	22	20	2
19.1263598326	173	155	18
12.2488687783	34	31	3
23.1428571429	42	37	5
19.7862318841	44	39	5
17.8258950466	246	220	26
28.18	32	28	4
13.5	83	76	7
11.7222222222	52	48	4
22.6422413793	39	33	6
13.3226452906	68	56	12
26.2051282051	29	26	3
19.8739495798	37	32	5
12.5254237288	20	18	2
17.6124031008	74	65	9
10.2735042735	28	25	3
24.6928571429	24	20	4
15.0816599732	187	158	29
27.0714285714	18	15	3
17.3445378151	21	17	4
14.4112903226	53	43	10
21.6728723404	60	54	6
18.3268858801	80	64	16
44.2220708447	142	110	32
25.0721311475	57	53	4
31.5882352941	31	27	4
20.1724137931	20	18	2
12.1650793651	45	37	8
6.14743589744	24	20	4
5.93377483444	23	19	4
17.5410334347	134	118	16
13.0427350427	21	18	3
8.79885057471	67	59	8
12.1360544218	20	18	2
12.5384615385	36	30	6
9.06222222222	33	31	2
19.8402710552	150	135	15
11.0558659218	34	29	5
14.1731092437	87	71	16
15.0323943662	96	78	18
10.4504792332	49	41	8
15.3105590062	46	40	6
16.9750519751	58	53	5
6.97872340426	31	27	4
15.0866141732	59	53	6
20.724137931	21	18	3
8.80088495575	40	36	4
22.0066666667	49	46	3
32.2265625	22	20	2
9.77209944751	117	88	29
13.2556270096	87	73	14
15.3387096774	57	45	12
14.6869565217	19	17	2
22.664516129	27	24	3
12.6096997691	146	129	17
5.85430463576	25	25	0
27.4206349206	27	24	3
11.1379310345	32	27	5
14.0795241077	206	182	24
9.26086956522	26	23	3
11.6658986175	69	60	9
9.3	38	33	5
10.6234567901	29	27	2
10.6153846154	64	54	10
9.72131147541	20	17	3
8.05732484076	26	26	0
13.5691489362	57	47	10
27.7488687783	68	57	11
6.96052631579	24	21	3
10.1489191353	164	137	27
16.3134715026	59	53	6
18.1671232877	65	54	11
20.5273972603	53	46	7
11.9470404984	52	48	4
15.0222841226	105	93	12
13.628959276	58	56	2
17.4944444444	33	29	4
13.0909090909	18	16	2
23.2037037037	17	14	3
19.2767857143	20	18	2
14.9122340426	52	45	7
14.887755102	32	30	2
9.93401015228	26	24	2
19.4752475248	18	16	2
16.3776041667	134	112	22
19.3333333333	26	23	3
14.137755102	79	69	10
14.8473684211	32	25	7
16.4578754579	49	44	5
17.3970037453	37	32	5
26.4347079038	175	145	30
16.0171428571	29	23	6
15.2677029361	83	74	9
11.3333333333	98	82	16
12.0726744186	52	44	8
17.5276679842	74	60	14
12.5239085239	58	51	7
18.1514018692	72	63	9
15.0085106383	29	27	2
16.979338843	72	62	10
14.4485294118	22	19	3
11.9037800687	46	41	5
19.3571428571	61	54	7
22.2323943662	21	20	1
12.1041162228	125	102	23
12.0223463687	94	79	15
14.1634146341	62	51	11
18.0557768924	65	55	10
12.2101449275	24	21	3
8.57547169811	15	14	1
11.7430555556	25	22	3
15.7032967033	160	139	21
11.7055837563	29	25	4
20.89	19	16	3
21.1034482759	36	31	5
17.3568281938	42	38	4
12.9979705733	245	211	34
12.1256281407	29	25	4
17.4334532374	81	73	8
13.7303370787	51	41	10
15.3188405797	33	27	6
16.6745182013	58	50	8
14.0552147239	26	23	3
13.3333333333	36	32	4
8.17	17	17	0
23.7328094303	71	60	11
10.8578680203	28	22	6
22.671875	21	18	3
10.7753623188	180	159	21
10.5377358491	17	15	2
12.8991825613	53	47	6
36.7952755906	53	43	10
21.8063157895	73	63	10
10.8213507625	122	103	19
14.1302816901	53	50	3
10.1203703704	32	30	2
29.7	18	15	3
20.4455445545	17	15	2
16.5225225225	19	16	3
20.4018691589	20	18	2
12.9546599496	57	47	10
12.9910714286	31	29	2
9.56086956522	30	26	4
25.9724770642	18	16	2
13.2283333333	159	138	21
20.4320987654	27	24	3
12.2369747899	80	65	15
11.6186046512	34	28	6
12.1578947368	49	40	9
17.0494699647	40	36	4
21.7852049911	148	124	24
13.3197674419	28	24	4
12.3425605536	83	72	11
19.4885844749	118	93	25
10.5523255814	54	48	6
14.4247787611	75	59	16
10.6855345912	59	51	8
29.5869918699	94	71	23
6.53191489362	28	25	3
18.9118198874	77	63	14
28.306122449	28	24	4
11.7915407855	46	44	2
12.1809045226	58	50	8
20.4246575342	22	21	1
10.2568807339	123	102	21
15.5546334716	99	83	16
11.6778947368	67	60	7
11.215034965	79	66	13
10.6887417219	27	22	5
9.80172413793	19	17	2
10.8914728682	21	18	3
25.9666958808	173	151	22
10.9815668203	32	32	0
14.1682242991	16	16	0
18.2142857143	43	40	3
15.688172043	41	34	7
12.7374274662	250	216	34
13.5837104072	29	26	3
12.8812392427	84	76	8
12.1212121212	52	43	9
17.5434782609	34	29	5
15.2248995984	66	57	9
12.5524861878	27	23	4
12.2767527675	39	37	2
15.7272727273	130	111	19
17.1996086106	72	61	11
12.9527896996	29	26	3
19.9338235294	23	18	5
12.235483871	186	160	26
12.5585585586	18	15	3
9.77586206897	20	18	2
10.9653333333	51	45	6
13.1732954545	49	44	5
18.5620155039	79	68	11
7.46551724138	19	19	0
16.133105802	51	47	4
14.3783783784	33	30	3
9.73529411765	15	14	1
8.46153846154	20	19	1
21.7564469914	68	54	14
10.0228310502	32	29	3
9.20574162679	28	25	3
13.089047195	141	117	24
9.27338129496	24	21	3
8.30652173913	69	61	8
14.1617647059	26	22	4
13.507751938	39	37	2
9.81609195402	39	35	4
19.9685658153	135	112	23
13.175	26	23	3
13.568359375	76	68	8
13.9517923362	106	92	14
13.0697674419	43	40	3
14.3320683112	67	60	7
9.3475	53	51	2
7.87837837838	29	25	4
15.9630390144	69	64	5
11.592920354	17	15	2
19.1464646465	37	32	5
9.9297752809	55	49	6
21.4444444444	18	18	0
9.61074705111	116	98	18
12.2792792793	87	78	9
9.28841607565	61	57	4
8.26219512195	69	60	9
9.78861788618	21	19	2
14.3365384615	17	16	1
12.5161290323	20	18	2
9.43843843844	43	37	6
10.9651741294	33	30	3
22.4112903226	23	18	5
10.2276422764	37	29	8
39.2571428571	179	154	25
18.9337016575	26	23	3
9.27586206897	76	68	8
10.6638176638	51	43	8
10.6224489796	28	23	5
12.0363247863	68	57	11
17.4518518519	24	20	4
13.2718894009	36	31	5
6.35087719298	19	19	0
10.6431718062	62	51	11
10.7741935484	29	23	6
12.781512605	20	18	2
12.0427350427	160	139	21
9.8	17	15	2
15.3669064748	77	66	11
12.0836012862	46	39	7
15.1278846154	164	146	18
21.1103603604	69	60	9
42.8516129032	61	45	16
24.7857142857	48	45	3
45.131147541	24	18	6
26.2980769231	21	18	3
29.7085714286	60	55	5
13.6666666667	29	26	3
14.5680751174	33	26	7
32.7384196185	153	122	31
25.6064516129	25	24	1
17.2148626817	80	64	16
30.8333333333	29	25	4
17.8615384615	39	35	4
18.3223443223	41	38	3
19.2829900839	170	145	25
27.9202453988	31	28	3
25.7950191571	76	65	11
30.3029925187	109	82	27
20.6677740864	52	44	8
19.2941176471	88	74	14
19.7648456057	54	43	11
20.2190305206	75	62	13
10.5670995671	29	25	4
17.8199608611	72	67	5
26.4919354839	20	15	5
16.2749140893	45	41	4
26.7282608696	58	49	9
51.5416666667	20	20	0
16.4348341232	122	95	27
26.0518234165	69	58	11
17.3902912621	69	55	14
27.1338028169	24	21	3
32.8095238095	21	15	6
24.5365853659	21	17	4
13.9220779221	50	46	4
15.3333333333	36	31	5
21.88	30	26	4
13.1195219124	35	31	4
190.480072464	125	103	22
21.5329949239	31	27	4
27.4186915888	83	74	9
25.1340782123	53	44	9
18.4429223744	33	31	2
17.9546391753	71	57	14
27.6503067485	26	23	3
13.0840336134	36	32	4
25.9907692308	55	48	7
37.7945492662	71	58	13
16.9107981221	32	27	5
28.3053435115	21	18	3
25.8884120172	105	87	18
12.7353361946	172	144	28
11.6111111111	17	14	3
16.1004784689	58	50	8
18.9275634995	164	146	18
28.649122807	71	59	12
9.86607142857	19	19	0
36.8014981273	48	43	5
39.904109589	32	30	2
42.0333333333	20	17	3
27.7788461538	18	15	3
12.1696428571	20	17	3
21.3055555556	57	48	9
16.7564102564	32	28	4
16.9022222222	32	27	5
22.5427385892	164	129	35
46.3609467456	32	27	5
18.5226586103	82	68	14
31.2524752475	33	29	4
31.5317725753	49	43	6
17.5246478873	40	37	3
42.8183292782	210	172	38
35.9005847953	31	27	4
27.6049822064	87	75	12
16.5308641975	112	89	23
26.1329305136	53	49	4
28.7619047619	83	65	18
26.1241830065	64	53	11
21.8060897436	92	73	19
7.32773109244	29	26	3
52.6706114398	83	71	12
32.6853146853	25	22	3
25.2222222222	48	45	3
22.4923857868	63	54	9
42.5373134328	24	21	3
17.0974477958	125	101	24
31.8248974008	102	85	17
27.7680525164	66	58	8
21.4723707665	77	64	13
35.3931034483	24	20	4
28.4444444444	20	16	4
20.1145038168	23	20	3
17.432885906	52	48	4
17.8165137615	36	32	4
19.5625	41	35	6
25.6691449814	41	34	7
122.928735632	234	194	40
14.4633027523	30	26	4
29.4108391608	91	81	10
23.5818181818	58	49	9
25.1674208145	35	29	6
18.7821782178	69	55	14
21.7624309392	30	29	1
16.4102564103	40	34	6
24.9438202247	58	46	12
43.1206225681	73	62	11
24.2599118943	30	24	6
36.7328244275	22	18	4
15.9015873016	129	107	22
15.1030383091	189	169	20
15.2522522523	17	16	1
41.6057692308	21	18	3
22.8039215686	17	16	1
26.1804170444	181	147	34
45.135193133	80	57	23
17.8965517241	20	19	1
26.3972125436	52	50	2
36.5446428571	37	32	5
12.6890756303	17	16	1
25.5982142857	21	18	3
6.98305084746	21	18	3
17.1760391198	59	46	13
19.632034632	32	28	4
17.7863247863	33	28	5
20.3243243243	21	17	4
15.151391162	157	135	22
17.6781609195	32	28	4
11.0160818713	79	68	11
22.1924882629	32	27	5
16.6865203762	51	45	6
16.2283737024	42	38	4
22.2706983441	186	152	34
14.7701149425	28	24	4
14.8730434783	81	70	11
16.6822742475	113	87	26
15.5426136364	51	44	7
12.9703832753	73	59	14
14.9077568134	60	57	3
15.5496062992	92	69	23
9.86614173228	30	26	4
18.3295454545	74	66	8
28.2466666667	24	21	3
13.636627907	49	43	6
10.1990049751	58	51	7
30.2517482517	25	22	3
13.1361079865	123	106	17
21.0978552279	99	79	20
15.8197573657	73	63	10
14.6375	26	22	4
15.9083333333	18	17	1
7.19117647059	21	20	1
17.0721153846	66	59	7
15.4009009009	32	31	1
16.1302325581	39	35	4
14.9450171821	43	39	4
35.1356113187	277	236	41
19.9330357143	31	25	6
20.6947368421	86	77	9
15.6817042607	54	45	9
16.0532786885	37	33	4
10.8958742633	66	56	10
19.0944444444	33	29	4
15.8698884758	39	35	4
16.6459459459	56	47	9
12.1245210728	68	61	7
14.5622317597	29	25	4
19.1655172414	23	19	4
16.2060041408	129	109	20
11.1568627451	184	163	21
16.7105263158	17	16	1
23.1764705882	20	18	2
12.6170212766	69	61	8
30.5531167691	184	156	28
23.8594059406	78	65	13
19.1724137931	20	19	1
14.7707641196	51	47	4
14.0643776824	36	30	6
