# Delays	Number of extra gates	Number of optimal extra gates	Difference
44.4885496183	4	1	3
13.4545454545	3	2	1
21.5945205479	9	-1	10
28.2553191489	9	0	9
25.0837696335	5	1	4
34.0084602369	19	-9	28
37.9064748201	8	2	6
18.1954624782	8	-2	10
23.8522727273	7	5	2
42.0334728033	8	2	6
34.4948096886	8	-1	9
67.7436170213	75	27	48
21.0532544379	3	-2	5
31.6433333333	24	4	20
24.2820809249	17	0	17
22.217765043	13	0	13
35.5856697819	28	4	24
15.6995515695	5	-1	6
34.4928571429	19	7	12
19.3053435115	1	-3	4
28.7644110276	12	2	10
25.8275862069	1	-3	4
36.4074074074	9	3	6
17.5153203343	8	0	8
31.4575163399	3	1	2
28.1323360184	13	-9	22
25.6844547564	12	-1	13
29.6174636175	9	-4	13
26.3153846154	3	0	3
62.3106796117	1	-2	3
43.3146067416	5	1	4
50.3369294606	44	3	41
17.1685393258	4	1	3
54.6620689655	5	1	4
33.0178571429	10	4	6
12.6307371349	16	-2	18
43.6213592233	6	-2	8
24.8834745763	4	-4	8
15.7052238806	6	-2	8
44.641025641	10	3	7
29.715370019	8	-5	13
22.1387283237	6	2	4
40.702247191	7	2	5
22.1291989664	8	-2	10
35.6156862745	14	1	13
29.5478723404	3	0	3
35.9824561404	3	-1	4
19.5243986254	29	-1	30
25.0363636364	2	1	1
32.5179856115	13	4	9
116.201550388	31	23	8
25.0549132948	5	-7	12
34.189578714	22	1	21
28.0304054054	3	1	2
24.1704545455	6	-2	8
54.5918367347	9	2	7
28.641509434	1	0	1
47.4642857143	5	5	0
9.84033613445	2	-2	4
29.6363636364	5	-9	14
54.8669527897	7	-2	9
38.6652173913	6	-4	10
158.97810219	26	4	22
48.6235476375	19	-13	32
64.1733333333	6	1	5
61.4380952381	4	2	2
32.8914473684	16	5	11
64.4271356784	6	-1	7
71.3088803089	7	-4	11
38.2834890966	7	1	6
95.664882227	77	37	40
64.4651162791	12	3	9
54.9182282794	22	2	20
42.7521551724	13	-9	22
51.3033707865	17	3	14
58.9803646564	33	10	23
35.2329059829	10	-3	13
31.9471698113	3	0	3
31.4945454545	11	2	9
48.6044776119	8	4	4
51.6332288401	11	1	10
58.0446927374	3	-4	7
43.3741496599	10	4	6
41.8046958378	15	-11	26
43.2589073634	22	0	22
69.7550111359	17	-1	18
49.4832402235	13	1	12
46.3629032258	4	-1	5
95.8502994012	8	3	5
56.7930174564	9	-4	13
22.9677419355	3	-5	8
64.7073170732	6	-1	7
56.3358490566	13	4	9
37.0588812561	64	-2	66
40.8697478992	9	4	5
28.6791277259	10	-10	20
36.0265780731	7	-1	8
69.1473214286	19	6	13
39.7815275311	9	-6	15
46.4404145078	7	3	4
55.5482625483	9	0	9
40.0264227642	26	6	20
96.9770642202	13	-2	15
31.449339207	4	-2	6
60.2148760331	5	0	5
26.6512083605	42	-1	43
38.9051724138	3	0	3
47.6833333333	7	5	2
51.9790575916	20	0	20
44.8587041374	32	-1	33
57.0800865801	16	4	12
28.9322033898	4	1	3
93.6483516484	6	-2	8
46.5961538462	14	7	7
62.2676056338	8	5	3
54.954954955	6	3	3
55.8256880734	5	2	3
9.4	4	0	4
65.7174447174	24	7	17
82.3732718894	10	-1	11
39.8837209302	6	-4	10
96.5597484277	21	13	8
53.4455128205	36	-4	40
56.7931034483	10	6	4
58.4901960784	5	2	3
27.358974359	16	4	12
49.4864864865	8	1	7
73.1797752809	16	0	16
51.0127388535	12	2	10
60.456286428	68	26	42
49.1358024691	9	4	5
72.6125	36	15	21
56.2920847269	26	-6	32
51.1882716049	17	3	14
63.7130434783	40	11	29
34.8843537415	15	0	15
26.875	3	-2	5
33.0076045627	14	3	11
44.4710144928	5	0	5
78.6563467492	22	10	12
90.0559701493	12	5	7
93.0746268657	4	0	4
42.4106382979	35	-12	47
71.751572327	29	6	23
98.5384615385	29	16	13
104.959322034	19	12	7
60.424	9	5	4
105.938356164	9	4	5
150.607038123	40	26	14
33.075	7	0	7
41.9273743017	9	6	3
62.1814671815	16	7	9
27.6509433962	55	6	49
51.7053571429	13	4	9
36.8746031746	18	9	9
30.8526315789	11	3	8
55.7142857143	10	4	6
41.7287234043	13	-4	17
58.2688172043	9	4	5
82.85	18	9	9
61.9561403509	7	0	7
197.850187266	31	18	13
58.6725663717	9	-1	10
62.6637168142	3	0	3
19.7731755424	42	7	35
50.1981981982	4	1	3
50.6885245902	7	4	3
75.8987730061	18	4	14
47.0737509913	47	1	46
37.3758542141	16	1	15
44.2869565217	27	6	21
143.447368421	17	4	13
54.7339901478	9	3	6
57.4308943089	6	1	5
31.8166666667	1	0	1
53.9348441926	15	5	10
62.5425531915	10	6	4
54.5310734463	6	1	5
50.3389232127	28	-2	30
45.947761194	7	3	4
26.4007633588	11	-1	12
48.9320987654	7	1	6
44.0730593607	11	-2	13
40.8073089701	8	0	8
53.7695560254	32	-6	38
56.3591160221	7	2	5
69.1546875	38	25	13
66.3020304569	50	26	24
62.2057142857	17	4	13
64.2299382716	53	18	35
23.55	9	-2	11
16.7960784314	3	-2	5
25.7411764706	12	1	11
32.8188976378	5	1	4
52.5317460317	17	10	7
61.0402298851	14	4	10
81.3259259259	8	4	4
46.4344355758	30	-6	36
43.4081081081	10	0	10
58.1221374046	24	9	15
97.7420924574	19	6	13
49.9075630252	6	4	2
148.896341463	13	6	7
99.5953757225	23	11	12
38.4624277457	7	-2	9
53.5257142857	5	3	2
46.865	14	6	8
30.1729122056	43	3	40
43.3604651163	9	2	7
40.213559322	17	-1	18
48.4961538462	8	0	8
48.65	13	5	8
45.575815739	15	0	15
38.6688741722	5	1	4
38.9268292683	8	2	6
50.1584158416	4	0	4
175.310904872	33	24	9
51.5	8	2	6
53.86	6	1	5
18.1853846154	23	-7	30
71.5106888361	14	1	13
102.137755102	28	14	14
91.4409221902	70	22	48
20.0634146341	5	-2	7
44.2527607362	24	2	22
91.7034220532	10	4	6
51.1052631579	6	-1	7
38.7445255474	2	-2	4
6.85245901639	1	-1	2
40.1704260652	14	2	12
61.8916256158	11	5	6
37.7881773399	8	2	6
99.9671361502	13	7	6
56.2495840266	33	-4	37
45.6774193548	8	4	4
32.6977928693	30	5	25
56.0	8	3	5
58.7736625514	11	-1	12
46.4932432432	8	3	5
100.011560694	25	10	15
70.0662251656	8	0	8
84.9379562044	24	1	23
50.6009280742	28	6	22
59.7197640118	21	12	9
61.5469448584	36	8	28
44.4840764331	14	0	14
21.6640926641	2	-2	4
44.5157480315	26	17	9
55.1853146853	19	10	9
65.8508287293	19	14	5
118.384057971	16	9	7
45.6041189931	28	-7	35
76.2335025381	28	8	20
72.3866348449	23	9	14
109.623126338	18	6	12
42.2781954887	2	0	2
162.519230769	10	5	5
116.301969365	33	16	17
32.1336898396	8	-1	9
65.2582781457	5	3	2
54.7955138237	71	7	64
61.0721153846	7	2	5
34.5957792208	16	3	13
48.4722222222	15	9	6
63.6532663317	15	9	6
40.7222222222	11	-7	18
48.9204545455	7	3	4
58.0236966825	13	5	8
53.8461538462	3	0	3
181.375	35	12	23
37.5046728972	5	0	5
27.7512195122	45	4	41
75.495412844	5	1	4
47.7433628319	7	3	4
79.9710982659	16	3	13
77.5286738351	55	17	38
80.8991097923	6	-8	14
39.3758865248	38	8	30
92.157480315	16	3	13
49.7908163265	7	3	4
46.5298507463	6	2	4
27.4344262295	2	-1	3
39.1383495146	6	-9	15
42.9086956522	4	0	4
34.3225806452	6	-3	9
40.3577170418	23	-9	32
66.8692307692	10	5	5
30.6363636364	24	7	17
43.3179487179	7	3	4
73.833976834	15	5	10
32.9862542955	8	1	7
76.7674418605	29	8	21
70.6899224806	5	2	3
65.5682242991	21	6	15
31.9526952695	18	-5	23
50.024691358	17	6	11
48.9900568182	36	7	29
42.2026431718	18	2	16
73.1473296501	16	-1	17
13.2093023256	0	-3	3
48.3113006397	21	5	16
62.5932721713	17	3	14
35.3978494624	12	3	9
54.0181818182	7	2	5
27.2559188275	18	-13	31
71.6545012165	33	15	18
66.3071593533	26	9	17
67.5108108108	26	6	20
65.1074380165	6	3	3
113.134751773	11	5	6
58.3608957795	35	13	22
23.691943128	4	-1	5
73.3644067797	7	2	5
85.3261802575	18	8	10
52.5745243129	88	27	61
34.0509259259	10	4	6
29.3787085515	9	3	6
37.503164557	11	2	9
68.4507042254	17	9	8
34.3489681051	8	-6	14
44.0054347826	10	5	5
59.4398496241	11	2	9
30.9826086957	1	-2	3
54.5747126437	13	0	13
39.2162162162	3	-3	6
35.7672826831	62	14	48
34.0869565217	2	0	2
55.6363636364	5	3	2
71.7056962025	18	5	13
105.108225108	27	4	23
82.144772118	23	4	19
54.5393386545	42	15	27
75.7985074627	15	7	8
52.095	9	2	7
43.0086206897	5	2	3
9.38679245283	2	0	2
21.0252808989	7	-7	14
27.0913461538	3	-1	4
20.7804878049	3	-1	4
27.0460176991	16	-14	30
58.6	8	2	6
30.1828153565	16	0	16
45.4325842697	6	2	4
41.7565543071	15	1	14
17.7423076923	3	-1	4
54.5108853411	32	12	20
49.4797297297	9	3	6
47.650671785	15	-2	17
23.7905236908	18	-6	24
44.053968254	19	6	13
31.9073529412	25	4	21
33.2360801782	9	0	9
32.5476190476	15	4	11
7.9313304721	1	-2	3
32.829787234	20	8	12
38.3803680982	8	7	1
24.9351351351	11	2	9
50.694214876	6	4	2
28.8920676203	12	-4	16
45.3838383838	27	16	11
46.0705882353	19	0	19
40.983908046	12	0	12
41.3166666667	5	2	3
60.6862745098	3	1	2
64.1363636364	11	6	5
29.2626362735	20	-3	23
16.3883495146	2	0	2
42.4117647059	5	1	4
40.6877637131	12	2	10
63.8758769563	113	47	66
21.2376237624	7	2	5
27.8288973384	7	-3	10
36.7711864407	14	2	12
35.2216494845	12	3	9
13.5230125523	6	-6	12
26.3837209302	10	1	9
27.8352941176	9	0	9
22.4444444444	0	-1	1
79.0863874346	14	5	9
23.2898550725	5	-1	6
59.1730769231	6	2	4
24.9250681199	41	2	39
20.3762376238	0	-1	1
34.5742574257	3	2	1
44.4817073171	13	3	10
35.9880952381	17	4	13
61.5221843003	16	0	16
24.8033635188	23	7	16
52.842519685	9	3	6
29.3033175355	9	1	8
20.814516129	3	0	3
28.5	4	3	1
12.5	1	0	1
24.2647058824	7	-2	9
19.875	6	3	3
16.5727272727	0	-3	3
26.8878504673	3	1	2
27.5327510917	21	-11	32
22.1929824561	3	1	2
18.4248861912	14	-1	15
28.612244898	5	-2	7
38.5526315789	8	0	8
14.5890909091	3	-2	5
41.9937402191	63	16	47
27.3953488372	8	5	3
28.1418439716	10	1	9
34.2200956938	18	-8	26
23.6081871345	8	2	6
26.4039548023	20	2	18
19.642384106	8	0	8
36.3026548673	23	11	12
6.47881355932	2	-3	5
18.2736030829	6	-2	8
30.309352518	4	0	4
22.6763848397	12	8	4
15.835443038	11	4	7
32.3237410072	5	2	3
18.034965035	18	-10	28
29.0818505338	22	7	15
24.6877637131	11	1	10
19.2752293578	10	1	9
17.3933333333	3	-1	4
30.8245614035	2	0	2
56.6971830986	5	2	3
22.4516728625	19	0	19
16.7836538462	2	0	2
27.568627451	6	3	3
31.5621301775	4	-1	5
24.6339622642	8	5	3
25.6343545957	54	-2	56
31.5070422535	8	2	6
20.573800738	9	-2	11
14.7012658228	7	0	7
24.2913043478	10	3	7
14.6045548654	6	-4	10
24.9885057471	7	3	4
25.0676691729	5	0	5
22.5178571429	1	0	1
32.6618852459	12	1	11
22.09375	5	2	3
25.9440559441	7	1	6
19.2864792503	41	16	25
17.5044247788	1	-1	2
25.4594594595	2	-1	3
29.7972222222	13	3	10
25.6120092379	13	7	6
30.7306843267	15	1	14
25.8269689737	23	5	18
50.8953488372	9	4	5
18.9821428571	5	0	5
31.0	2	2	0
25.3518518519	4	1	3
22.7857142857	0	-2	2
15.0544554455	5	-8	13
17.3086956522	3	-1	4
15.9642857143	3	-4	7
18.5272727273	3	2	1
21.1898110107	15	-14	29
20.1186440678	5	-2	7
11.5465288035	9	-3	12
25.520361991	5	1	4
23.0996784566	9	-1	10
23.2283737024	4	-1	5
32.4009360374	34	0	34
19.347826087	6	2	4
22.558573854	10	-2	12
29.0391061453	24	-2	26
16.2281690141	7	0	7
22.6791946309	26	7	19
11.2510373444	4	-2	6
23.5264	15	-1	16
11.347107438	1	-3	4
11.791433892	7	-1	8
24.4802631579	6	2	4
25.3801169591	7	-1	8
16.2088452088	8	0	8
30.4527027027	2	1	1
18.2723112128	9	-7	16
17.2745424293	18	-3	21
17.1607515658	4	-4	8
18.6006825939	4	-6	10
15.1847133758	3	-2	5
17.3333333333	1	0	1
45.3611111111	5	1	4
20.417157275	18	-4	22
13.4260089686	2	0	2
26.8532110092	2	-1	3
30.1506849315	5	0	5
24.361774744	10	2	8
17.0081300813	36	-3	39
19.972972973	8	2	6
14.9380378657	5	-3	8
14.1831683168	7	-3	10
20.1115702479	8	1	7
12.7745098039	6	-7	13
24.9421965318	7	1	6
31.3203125	13	5	8
27.0462962963	5	3	2
25.2906309751	8	-2	10
25.5278969957	7	2	5
18.4084507042	5	0	5
22.369189907	43	10	33
17.8070175439	0	-1	1
20.0166666667	3	0	3
23.5778364116	11	0	11
28.8917647059	4	-4	8
14.6557692308	9	-4	13
20.25382263	24	-2	26
25.7372013652	9	4	5
17.7086956522	8	2	6
16.9016393443	3	1	2
28.2772277228	5	4	1
35.5315315315	1	0	1
17.7457627119	1	-2	3
19.2457002457	4	-9	13
17.8744588745	5	0	5
13.8898678414	3	-3	6
31.525862069	1	1	0
16.8402948403	15	-10	25
32.2259887006	6	-1	7
13.0221238938	14	-1	15
22.9255813953	10	2	8
25.7611464968	12	6	6
17.7889273356	5	-1	6
41.6328538986	60	8	52
21.1299435028	5	0	5
22.9054982818	11	-4	15
25.5982241953	22	-4	26
18.566572238	8	-2	10
17.3231788079	18	1	17
18.4575569358	7	-1	8
39.7	16	-8	24
23.3449612403	1	-1	2
24.9497206704	11	-1	12
23.9802631579	5	-1	6
17.0749279539	4	0	4
33.4813895782	14	3	11
32.8657718121	2	1	1
19.2474804031	5	-16	21
28.1684210526	18	1	17
25.0479166667	13	0	13
25.411965812	8	-6	14
13.3395061728	3	-2	5
20.3174603175	3	0	3
45.4652777778	4	0	4
21.8890756303	16	-8	24
14.7937219731	5	-1	6
31.6697247706	3	2	1
32.6577777778	4	-2	6
23.8442906574	9	-1	10
23.6020507812	52	-2	54
13.3832599119	6	1	5
12.1601362862	3	-2	5
18.2982005141	6	-4	10
22.2520661157	7	-2	9
18.7563352827	5	-8	13
17.2065217391	5	2	3
17.9709090909	2	-2	4
15.4912280702	0	0	0
33.0076335878	8	-3	11
29.8510638298	3	0	3
21.598540146	5	1	4
17.3540575916	34	0	34
16.8938053097	2	-2	4
19.0743801653	3	2	1
19.2466843501	11	-1	12
31.9342723005	23	4	19
19.9621212121	9	-4	13
16.5799595142	11	-9	20
43.2781456954	5	2	3
19.3948497854	9	0	9
21.6086956522	2	-1	3
12.7635135135	4	-1	5
8.85064935065	0	-3	3
9.88079470199	0	-3	3
18.4513184584	14	-3	17
24.2477876106	1	-2	3
31.7287128713	24	7	17
28.2056737589	3	-1	4
19.9035532995	4	-1	5
12.3930131004	3	0	3
24.0263929619	27	3	24
23.3111111111	7	2	5
38.1430976431	17	1	16
19.2389127325	10	-8	18
23.5784313725	11	3	8
21.2820512821	15	0	15
20.7004219409	16	0	16
9.6512605042	3	1	2
16.6105263158	5	3	2
18.9912280702	3	0	3
13.9055793991	7	-3	10
29.8344594595	10	3	7
49.1532258065	5	2	3
14.9375866852	2	-19	21
34.5975232198	7	0	7
47.6118598383	9	-6	15
14.6315789474	2	-1	3
59.3473053892	7	1	6
15.442791762	8	-14	22
9.41721854305	0	0	0
20.0078125	1	0	1
21.4046242775	4	2	2
39.5675332911	92	32	60
15.16875	2	-2	4
14.3890160183	3	-10	13
24.3692946058	5	-3	8
14.2331288344	3	3	0
19.4079254079	4	-10	14
13.3852459016	3	0	3
10.5670731707	2	0	2
39.9086021505	12	0	12
95.8831521739	27	10	17
7.91333333333	1	-1	2
15.4344995932	27	3	24
38.2086720867	7	-4	11
31.8718662953	16	0	16
16.3787375415	2	1	1
23.517571885	6	-1	7
15.1675749319	12	-5	17
28.576419214	6	4	2
31.3370165746	9	1	8
12.2909090909	0	-1	1
10.1214953271	4	-1	5
5.86607142857	1	-1	2
19.5666666667	11	4	7
24.4234693878	5	1	4
14.256281407	4	0	4
10.8130841121	0	-1	1
18.7611940299	18	-4	22
7.57419354839	0	-3	3
12.090443686	11	2	9
8.3641025641	2	-5	7
10.6549295775	5	2	3
9.47426470588	5	0	5
12.9207317073	25	-5	30
12.6494252874	4	-1	5
13.4561101549	6	-3	9
13.7061611374	14	-6	20
14.1812865497	7	0	7
11.0641562064	6	-3	9
9.30371900826	5	0	5
16.5249537893	9	-3	12
8.58333333333	1	-3	4
8.68623481781	8	-2	10
11.618705036	1	-2	3
11.7575757576	4	-1	5
9.09863013699	5	0	5
19.9568345324	5	2	3
8.57211538462	5	-12	17
10.2257425743	10	0	10
24.8631790744	12	3	9
13.8785714286	1	-3	4
12.8070175439	2	-1	3
32.7074829932	4	0	4
15.9038984587	11	-7	18
14.9844559585	5	0	5
9.98095238095	3	0	3
10.2532188841	4	-1	5
11.5945399393	27	-7	34
13.1959798995	3	-1	4
7.39716312057	4	-1	5
10.1325966851	8	1	7
11.5136363636	3	-1	4
12.8298319328	3	-5	8
12.6012269939	3	-1	4
14.4337899543	3	1	2
26.1793478261	7	-1	8
25.89958159	8	-5	13
12.3333333333	4	0	4
8.31060606061	3	0	3
10.0738031915	15	-10	25
19.7545454545	0	-1	1
14.8457831325	12	2	10
11.9338624339	11	6	5
9.76875	3	-7	10
12.6182618262	13	-6	19
11.4628975265	2	0	2
7.47465437788	3	0	3
7.01652892562	1	0	1
10.3055555556	1	1	0
9.49137931034	1	-2	3
23.1296296296	3	0	3
8.36476426799	1	-5	6
7.49783549784	2	-1	3
7.38095238095	1	-3	4
10.0683760684	2	0	2
10.0473421927	7	-15	22
10.8864864865	2	-2	4
8.800330033	5	-6	11
9.63677130045	2	-1	3
10.2356687898	3	-3	6
9.07692307692	6	2	4
12.013185288	21	-10	31
9.00568181818	2	-2	4
10.0981067126	5	-5	10
9.83826879271	6	-9	15
9.8433048433	5	0	5
9.27260273973	13	-1	14
16.8246346555	5	-3	8
20.8076923077	12	-8	20
7.1512605042	2	-2	4
9.26277372263	6	-7	13
13.9801324503	4	0	4
6.53216374269	3	1	2
9.11166253102	6	-3	9
16.8219178082	3	0	3
7.3625	5	-14	19
10.3923205342	9	-1	10
8.79833679834	2	-4	6
16.6672413793	7	-5	12
12.3885350318	2	-1	3
8.62601626016	1	-1	2
30.4492753623	4	0	4
14.0734323432	12	-13	25
7.63063063063	1	0	1
21.7787610619	2	-1	3
13.5565217391	2	-3	5
7.90169491525	3	-3	6
10.3248803828	19	-11	30
10.1422222222	4	-1	5
8.36130136986	6	-2	8
7.1364764268	5	-3	8
10.0772357724	5	0	5
9.79684418146	4	-4	8
8.40322580645	2	-1	3
11.1277372263	5	2	3
5.50847457627	0	0	0
11.951171875	7	3	4
9.47186147186	1	0	1
10.0827586207	4	3	1
11.1545396008	22	-4	26
13.5135135135	2	-1	3
14.5166666667	1	-1	2
12.2439678284	7	2	5
8.13513513514	10	4	6
9.21722846442	5	-3	8
16.1340839304	22	-11	33
12.6229508197	3	0	3
8.38095238095	4	1	3
7.11666666667	2	1	1
14.6545454545	2	0	2
18.7980769231	1	0	1
9.31398416887	3	-4	7
6.6563876652	3	1	2
6.83253588517	1	-3	4
12.7037037037	2	1	1
11.6546572935	10	-13	23
10.6228571429	2	1	1
7.71428571429	6	-8	14
10.3891625616	3	-3	6
12.8859060403	4	-3	7
8.45945945946	3	-1	4
14.3787878788	32	-3	35
17.04	5	1	4
11.1306715064	7	-5	12
12.5291970803	10	-9	19
12.6952662722	7	0	7
9.70948905109	11	1	10
8.97592997812	5	-2	7
10.2292020374	4	-8	12
14.7522123894	0	-3	3
16.2007722008	10	1	9
15.5486111111	3	0	3
7.2573964497	2	-2	4
15.0313315927	6	0	6
21.0148148148	1	-1	2
9.38392857143	5	-10	15
9.19591141397	9	-2	11
11.0281385281	4	-1	5
12.9205175601	3	-7	10
9.33566433566	1	-4	5
11.1610169492	0	-1	1
26.5757575758	3	0	3
14.9496676163	13	-7	20
6.45238095238	0	0	0
8.71153846154	2	1	1
10.9351851852	2	-4	6
9.8202247191	1	-4	5
8.42814070352	14	-16	30
10.4741784038	4	-2	6
8.62383612663	3	-2	5
8.06940874036	4	0	4
9.06306306306	5	3	2
10.5210084034	4	-5	9
8.89142857143	2	-2	4
7.4	1	-3	4
5.80530973451	0	0	0
14.106918239	5	-5	10
12.1198156682	3	-1	4
8.79856115108	2	0	2
11.1082337317	16	-2	18
13.2735849057	1	-1	2
10.6956521739	0	-3	3
12.3447293447	4	-2	6
9.59831460674	8	3	5
9.92682926829	3	-5	8
10.1391509434	10	-7	17
12.9233449477	4	2	2
8.77625570776	3	-2	5
24.0081300813	1	0	1
6.48181818182	2	0	2
6.23076923077	2	-1	3
6.89033942559	0	-9	9
5.6592920354	3	1	2
6.27027027027	1	-4	5
7.50909090909	1	-1	2
10.8295053004	14	-14	28
10.5813953488	2	-2	4
12.3448275862	12	-3	15
12.985645933	7	1	6
16.2025316456	3	-4	7
8.1897810219	3	-2	5
15.1168649405	32	-3	35
13.3276836158	5	1	4
14.8591800357	6	-6	12
10.514084507	4	-12	16
18.6907514451	5	-1	6
14.3926174497	15	5	10
11.863340564	6	-2	8
37.722614841	19	8	11
16.4612068966	2	-2	4
12.9553903346	10	-1	11
23.2965517241	6	3	3
11.9537572254	5	-1	6
17.4974874372	15	10	5
28.1901408451	1	0	1
8.93981481481	6	-13	19
8.70503597122	10	-2	12
15.3382663848	5	-5	10
13.3774954628	6	-6	12
14.3202614379	3	1	2
27.5966386555	5	1	4
34.8582089552	4	1	3
12.6998158379	12	-9	21
7.51162790698	1	-1	2
16.1132075472	2	1	1
17.3796296296	3	-2	5
11.852398524	5	-1	6
10.94417238	21	-14	35
8.10599078341	3	0	3
8.74354243542	3	-3	6
13.7345360825	7	-1	8
13.6764705882	5	2	3
8.44855967078	1	-7	8
9.65168539326	3	2	1
10.7490636704	3	-2	5
4.40677966102	1	0	1
21.5452631579	6	-3	9
8.81777777778	1	-3	4
18.020979021	5	1	4
8.71739130435	16	-6	22
8.97321428571	1	-1	2
20.6525423729	3	1	2
21.4175824176	14	2	12
14.3424036281	13	8	5
12.3046875	8	-5	13
11.323798627	9	-6	15
25.5429553265	3	0	3
9.88986784141	4	1	3
12.0081300813	1	-1	2
18.91	3	2	1
12.4137931034	1	-1	2
21.4272727273	1	0	1
11.5036855037	2	-5	7
10.5341880342	2	-4	6
9.88938053097	2	-3	5
14.5196078431	1	0	1
18.2033195021	10	-10	20
16.2717391304	2	-2	4
10.4218289086	9	-5	14
12.8973214286	4	0	4
23.1128526646	7	1	6
11.8626760563	4	-1	5
24.7132459971	54	12	42
14.8369565217	2	-2	4
13.352739726	8	-4	12
16.1223581758	13	-10	23
15.0702247191	6	-1	7
25.3614864865	20	2	18
15.4	4	-3	7
20.9609375	11	-6	17
8.49579831933	3	-1	4
13.05	10	1	9
18.4248366013	5	0	5
11.0057636888	4	0	4
13.3014705882	6	1	5
28.7074829932	2	0	2
10.1291053228	6	-11	17
12.0732700136	13	-4	17
14.3381443299	6	-2	8
16.9008547009	11	-2	13
9.73291925466	2	-3	5
15.6290322581	1	-1	2
20.4347826087	2	0	2
18.3821070234	10	-10	20
8.27232142857	0	0	0
10.7256637168	1	0	1
19.2969432314	3	-5	8
18.381443299	7	0	7
14.6436726927	30	-10	40
12.3114035088	3	0	3
12.8116438356	6	-4	10
13.1474201474	9	0	9
18.1336032389	7	1	6
14.4514851485	5	-5	10
11.9946236559	3	1	2
13.8905109489	3	-3	6
10.813559322	0	0	0
15.4186046512	6	-3	9
11.8412017167	2	-2	4
22.387755102	5	1	4
12.1959896507	20	-1	21
10.7787610619	0	-1	1
15.8983050847	2	-1	3
16.3607427056	9	-4	13
18.155210643	14	7	7
22.6996197719	7	-1	8
14.0232088799	14	-6	20
19.2671009772	4	0	4
18.5775862069	4	-1	5
14.8951612903	2	1	1
16.1568627451	3	0	3
15.8125	3	-2	5
20.7796610169	2	1	1
12.5514705882	1	-7	8
13.9568965517	5	1	4
10.8836206897	1	-2	3
11.8547008547	1	-1	2
14.7329498767	10	-16	26
17.7923497268	3	0	3
10.0516224189	7	-4	11
12.1919642857	4	1	3
18.1588785047	7	1	6
14.3249097473	2	-2	4
22.7341411262	41	3	38
9.88888888889	1	-1	2
11.7696245734	8	-4	12
11.140954495	7	-12	19
12.2067039106	7	-1	8
10.9033333333	8	-3	11
14.2520661157	4	-1	5
23.7320574163	9	-9	18
7.35433070866	2	-2	4
8.53610108303	5	-4	9
16.4805194805	3	1	2
12.5775862069	4	-2	6
11.5343137255	4	-1	5
13.6054421769	4	1	3
12.7820224719	6	-6	12
13.3044058745	12	-3	15
18.0473251029	4	-5	9
12.3157894737	5	-8	13
13.487654321	2	-2	4
16.1349206349	3	-1	4
30.5285714286	5	0	5
14.2034596376	10	-14	24
10.9598214286	1	0	1
15.9	0	-2	2
14.1115879828	2	-1	3
13.5709459459	4	0	4
11.9482922201	32	-5	37
11.451754386	4	-1	5
13.4896551724	4	-3	7
10.7665847666	5	-2	7
12.8709677419	4	0	4
13.9012096774	5	-5	10
10.4945652174	5	1	4
9.92	1	-2	3
16.5169491525	1	0	1
8.33333333333	4	-5	9
15.0127118644	1	-3	4
15.6530612245	3	-1	4
11.3063178047	21	-9	30
9.85714285714	0	0	0
17.4274193548	2	-1	3
16.9762532982	13	2	11
13.7795100223	13	3	10
10.7555555556	6	-6	12
14.2485089463	14	-7	21
15.5081433225	1	1	0
10.2118644068	4	-2	6
9.0	3	0	3
11.1337579618	1	-7	8
6.88461538462	2	-3	5
7.24503311258	1	-3	4
14.170212766	10	-7	17
14.4827586207	3	-1	4
8.98837209302	4	-1	5
14.2416107383	3	-2	5
18.351758794	4	0	4
7.44594594595	1	0	1
29.0737179487	25	-2	27
14.0054945055	3	0	3
14.1072026801	4	-8	12
9.90285714286	10	-4	14
13.4530744337	6	-2	8
14.1804281346	6	1	5
14.4467640919	4	-1	5
8.0	4	0	4
11.6962365591	6	-3	9
13.7787610619	1	0	1
16.5670995671	6	-2	8
12.6454849498	6	2	4
24.8139534884	0	-2	2
11.3665283541	4	-21	25
12.9185667752	10	1	9
19.3571428571	5	-6	11
15.5130434783	2	0	2
13.6	2	-1	3
16.2985074627	10	-5	15
6.8322147651	0	0	0
20.8253968254	4	2	2
16.5511363636	5	0	5
10.4575289575	13	-13	26
10.7888198758	2	-1	3
9.60714285714	3	-8	11
9.184	3	-3	6
24.5185185185	5	1	4
8.36904761905	4	-3	7
11.384	1	-2	3
13.3272727273	1	-1	2
23.0026595745	8	-2	10
15.4017857143	5	-1	6
9.84516129032	2	-2	4
8.82684670373	21	-6	27
14.0310880829	5	-4	9
16.7213114754	3	-2	5
74.5273972603	30	21	9
15.9488817891	3	0	3
11.2675675676	10	-8	18
26.3991416309	0	-1	1
13.904494382	4	-2	6
13.9454545455	1	-3	4
15.4134615385	3	-1	4
7.15178571429	1	-1	2
10.3956639566	3	-4	7
10.5721649485	4	-1	5
9.66321243523	3	0	3
11.21	1	0	1
13.6124444444	19	0	19
10.6	0	-3	3
7.60847457627	6	-5	11
8.80208333333	2	-3	5
12.9247311828	5	0	5
9.60311284047	4	-4	8
13.4795682344	20	-2	22
10.0988372093	2	-1	3
9.08159722222	6	-3	9
10.0251798561	11	-4	15
7.75535168196	2	-3	5
9.30660377358	4	-4	8
12.8979166667	4	-1	5
12.9202226345	7	-2	9
7.30084745763	1	-3	4
8.37096774194	6	-3	9
11.5419847328	2	0	2
7.57239057239	2	-3	5
7.84225352113	5	0	5
18.4087591241	3	2	1
10.568627451	4	-17	21
9.10953058321	7	-6	13
19.9958071279	5	-2	7
10.776119403	1	-2	3
15.8691588785	1	0	1
22.0872483221	3	-2	5
11.3215898826	9	-15	24
11.71875	4	-1	5
14.3103448276	4	0	4
10.8898678414	3	-2	5
8.66685746995	19	-8	27
9.51530612245	3	1	2
13.814889336	5	-3	8
8.17034700315	4	-1	5
7.21198156682	2	0	2
7.82735426009	2	-4	6
7.3850931677	3	0	3
9.76958525346	5	1	4
12.4297520661	6	0	6
21.1235059761	5	-5	10
7.171875	2	-2	4
11.7716535433	2	-2	4
10.499669967	13	-13	26
11.2592592593	1	-2	3
10.9466019417	9	-1	10
11.1662125341	9	4	5
13.9602272727	3	-4	7
10.2351648352	9	-11	20
10.6013986014	3	-2	5
12.5837320574	7	4	3
9.83739837398	0	0	0
13.0495049505	1	0	1
10.8869565217	4	0	4
10.6481481481	2	-1	3
9.85853658537	2	-4	6
9.91810344828	2	-1	3
14.6536796537	3	-2	5
12.4035087719	2	1	1
14.4752066116	7	-11	18
13.2486187845	2	0	2
10.64013267	5	-7	12
8.32300884956	4	0	4
9.47040498442	2	-3	5
8.37010676157	3	-1	4
13.8851603281	16	-13	29
8.37356321839	2	-2	4
9.0294627383	6	-3	9
10.6674208145	16	-13	29
11.1699716714	5	2	3
13.3223570191	10	-1	11
14.5082987552	2	0	2
13.966507177	5	-13	18
11.4576271186	3	-2	5
10.1632270169	6	-2	8
10.880794702	2	0	2
10.0145772595	4	1	3
10.9674185464	5	-1	6
10.3098591549	1	-2	3
8.16893424036	4	-10	14
12.5397260274	10	-4	14
9.69874476987	3	-4	7
9.62230215827	4	-4	8
9.65584415584	3	-3	6
26.8099173554	2	-1	3
21.5735294118	2	-1	3
11.8516075845	9	-14	23
8.51339285714	1	0	1
13.6363636364	2	1	1
16.8407079646	1	-1	2
9.1593220339	5	0	5
11.0719211823	27	-7	34
8.03982300885	3	0	3
9.7252173913	1	-3	4
7.95275590551	6	-3	9
11.1841004184	5	0	5
8.04536489152	5	0	5
9.99453551913	2	-2	4
8.16176470588	2	-3	5
9.36440677966	0	-1	1
11.5658914729	6	-2	8
8.90987124464	3	-1	4
11.8541666667	1	-1	2
9.52076677316	16	-6	22
9.83185840708	0	-2	2
11.0081967213	2	1	1
12.109919571	6	-1	7
11.0412844037	6	-3	9
13.174	9	-8	17
13.3640922768	18	-12	30
10.8163934426	4	-1	5
9.54468085106	4	-1	5
9.58333333333	1	-1	2
6.89423076923	0	-2	2
12.0673076923	1	-1	2
8.80216802168	1	-6	7
7.4203539823	1	-1	2
15.9439252336	1	-3	4
16.7641509434	0	-2	2
18.2468007313	10	-8	18
12.8805031447	4	1	3
9.21946564885	5	-2	7
15.506097561	2	-3	5
13.4014869888	3	-2	5
15.5421686747	4	-1	5
21.9984459984	41	3	38
10.8648648649	3	0	3
14.0926315789	10	-2	12
17.8274509804	13	-2	15
12.3033333333	2	-2	4
24.6342857143	1	-4	5
13.2241813602	5	3	2
44.2342657343	3	-11	14
14.6294642857	2	-2	4
14.0963114754	7	-3	10
19.8195488722	7	3	4
8.6234939759	2	-2	4
26.9263157895	3	-4	7
11.4278215223	9	-10	19
11.3808095952	12	1	11
28.0736434109	4	2	2
12.5145348837	5	-6	11
13.4779411765	2	-1	3
21.0277777778	2	-2	4
13.8433268859	11	-4	15
6.8995215311	0	0	0
13.1067961165	3	0	3
21.5449438202	4	-3	7
14.2761506276	2	-1	3
11.9792883696	20	-18	38
11.4950980392	4	0	4
18.7820267686	6	1	5
18.7068965517	2	-6	8
14.8636363636	7	2	5
10.672489083	3	-9	12
16.7485380117	4	1	3
10.127340824	2	-3	5
11.5405405405	0	0	0
87.0090909091	4	0	4
7.14090909091	1	-3	4
24.8205128205	2	0	2
10.2761037141	19	-3	22
12.3551401869	1	-2	3
16.21	2	-1	3
13.7307692308	5	-2	7
18.7153465347	10	2	8
15.1685144124	4	-5	9
13.3185731857	5	-10	15
24.7425149701	3	-1	4
15.0492610837	5	0	5
9.78512396694	1	0	1
17.787037037	5	2	3
6.12745098039	0	0	0
18.3766578249	5	-8	13
7.99565217391	3	0	3
9.72197309417	2	-3	5
18.3653846154	2	0	2
16.4924578527	11	-16	27
22.251497006	4	1	3
10.3100158983	11	-2	13
19.5268817204	4	-2	6
25.5890410959	11	3	8
7.28832116788	2	-2	4
30.0161912105	58	11	47
19.1964285714	5	1	4
18.0948766603	10	-5	15
13.998783455	9	-6	15
15.0396341463	10	3	7
13.1327561328	16	2	14
16.2418604651	6	-4	10
20.4099099099	13	3	10
11.6724137931	1	-1	2
13.1257142857	11	1	10
12.9432624113	2	1	1
9.74850299401	5	-2	7
16.6160714286	9	2	7
29.6166666667	3	-1	4
11.9824355972	7	-12	19
25.2696335079	15	7	8
20.4057649667	12	0	12
23.8354114713	13	4	9
28.013986014	6	2	4
18.9902912621	0	0	0
30.2393162393	6	4	2
16.9099437148	11	-14	25
7.8679245283	0	0	0
23.2549019608	5	-1	6
19.5137254902	6	-2	8
12.9974836437	28	-8	36
12.9209302326	4	0	4
13.7145522388	3	-5	8
16.7598784195	11	2	9
10.4061135371	1	-2	3
9.3685300207	4	-8	12
12.4678362573	2	-1	3
7.1015037594	1	-1	2
12.4065420561	9	-11	20
45.9614325069	9	-2	11
9.0269058296	1	-4	5
16.8692307692	3	1	2
12.397979798	23	-2	25
14.2477876106	1	-1	2
10.4821428571	3	-1	4
23.6558823529	8	-1	9
18.990521327	15	6	9
21.0628930818	14	-2	16
9.40517241379	0	0	0
27.0224719101	7	4	3
11.537037037	4	-1	5
29.6446280992	2	1	1
21.5480769231	4	2	2
18.9557522124	3	0	3
8.16216216216	2	1	1
14.4963325183	6	-5	11
15.1260869565	2	-4	6
13.4115044248	2	-2	4
20.7672413793	2	1	1
16.7197032152	11	-21	32
17.8967391304	5	1	4
11.2470414201	9	-4	13
15.5714285714	2	-2	4
16.5587301587	5	1	4
12.1423611111	6	-1	7
19.4680252987	35	7	28
16.5549450549	6	0	6
19.3276450512	9	-9	18
16.9944506104	18	-8	26
14.4213483146	6	-1	7
16.1044520548	19	7	12
15.7385892116	7	1	6
28.214849921	21	0	21
8.20253164557	2	-1	3
14.0810313076	11	5	6
25.8859060403	5	0	5
13.253125	2	-3	5
13.6265356265	9	0	9
20.5862068966	3	2	1
12.5940706956	8	-11	19
15.8299595142	24	0	24
15.079002079	4	-3	7
18.3460207612	5	-4	9
11.1132075472	6	1	5
17.9669421488	3	0	3
33.5338345865	3	1	2
24.0760233918	12	-12	24
15.0627802691	2	0	2
25.9727272727	0	-1	1
18.2869955157	3	-4	7
21.575862069	8	4	4
13.2210526316	30	-13	43
14.9900990099	9	5	4
18.2658662093	10	1	9
13.1308641975	6	0	6
17.6300813008	7	0	7
15.3019607843	5	-7	12
14.1472392638	2	-1	3
15.9848484848	4	-1	5
16.3217391304	0	0	0
20.257751938	7	0	7
19.380952381	5	-1	6
13.2916666667	2	-1	3
13.0982849604	30	-4	34
22.018018018	1	-2	3
13.1	1	-2	3
17.6084656085	8	0	8
15.0448430493	13	5	8
17.6660341556	8	-6	14
18.7200878156	19	-6	25
24.3223684211	6	-1	7
14.4678111588	5	2	3
12.8429752066	3	1	2
19.4952380952	2	-1	3
27.0847457627	1	0	1
13.896039604	3	-7	10
13.6536796537	3	-1	4
11.349137931	0	-2	2
23.1698113208	4	1	3
13.971169687	9	-18	27
25.7848837209	4	-2	6
18.5090634441	19	0	19
18.0139534884	5	1	4
21.3606557377	10	2	8
10.2698961938	3	0	3
49.2666060055	30	-9	39
12.5168539326	3	-1	4
17.2601054482	9	-3	12
13.3465011287	7	-15	22
11.8735632184	3	-2	5
18.6427350427	11	1	10
15.7724425887	6	-2	8
23.1591639871	16	-2	18
8.3557312253	2	-1	3
24.8738229755	12	2	10
28.0266666667	6	2	4
20.1929133858	9	2	7
17.6315789474	10	3	7
24.843537415	4	1	3
13.1152968037	5	-7	12
17.4465493911	17	-2	19
16.4789915966	7	-2	9
15.7228070175	4	-9	13
20.0569620253	7	1	6
11.9576271186	2	-1	3
11.2279411765	2	0	2
19.1263598326	8	-10	18
12.2488687783	2	-1	3
23.1428571429	4	-1	5
19.7862318841	5	0	5
17.8258950466	30	4	26
28.18	6	2	4
13.5	6	-1	7
11.7222222222	6	2	4
22.6422413793	9	3	6
13.3226452906	5	-7	12
26.2051282051	4	1	3
19.8739495798	7	2	5
12.5254237288	1	-1	2
17.6124031008	7	-2	9
10.2735042735	1	-2	3
24.6928571429	6	2	4
15.0816599732	29	0	29
27.0714285714	1	-2	3
17.3445378151	3	-1	4
14.4112903226	7	-3	10
21.6728723404	8	2	6
18.3268858801	10	-6	16
44.2220708447	39	7	32
25.0721311475	7	3	4
31.5882352941	9	5	4
20.1724137931	1	-1	2
12.1650793651	2	-6	8
6.14743589744	1	-3	4
5.93377483444	0	-4	4
17.5410334347	8	-8	16
13.0427350427	3	0	3
8.79885057471	9	1	8
12.1360544218	0	-2	2
12.5384615385	3	-3	6
9.06222222222	1	-1	2
19.8402710552	25	10	15
11.0558659218	5	0	5
14.1731092437	11	-5	16
15.0323943662	7	-11	18
10.4504792332	5	-3	8
15.3105590062	5	-1	6
16.9750519751	3	-2	5
6.97872340426	3	-1	4
15.0866141732	4	-2	6
20.724137931	4	1	3
8.80088495575	3	-1	4
22.0066666667	10	7	3
32.2265625	3	1	2
9.77209944751	7	-22	29
13.2556270096	10	-4	14
15.3387096774	3	-9	12
14.6869565217	2	0	2
22.664516129	4	1	3
12.6096997691	8	-9	17
5.85430463576	0	0	0
27.4206349206	3	0	3
11.1379310345	5	0	5
14.0795241077	19	-5	24
9.26086956522	2	-1	3
11.6658986175	1	-8	9
9.3	3	-2	5
10.6234567901	3	1	2
10.6153846154	5	-5	10
9.72131147541	2	-1	3
8.05732484076	2	2	0
13.5691489362	7	-3	10
27.7488687783	11	0	11
6.96052631579	1	-2	3
10.1489191353	20	-7	27
16.3134715026	4	-2	6
18.1671232877	6	-5	11
20.5273972603	7	0	7
11.9470404984	6	2	4
15.0222841226	14	2	12
13.628959276	5	3	2
17.4944444444	6	2	4
13.0909090909	1	-1	2
23.2037037037	0	-3	3
19.2767857143	1	-1	2
14.9122340426	6	-1	7
14.887755102	7	5	2
9.93401015228	2	0	2
19.4752475248	2	0	2
16.3776041667	18	-4	22
19.3333333333	3	0	3
14.137755102	11	1	10
14.8473684211	5	-2	7
16.4578754579	8	3	5
17.3970037453	2	-3	5
26.4347079038	31	1	30
16.0171428571	4	-2	6
15.2677029361	6	-3	9
11.3333333333	12	-4	16
12.0726744186	4	-4	8
17.5276679842	15	1	14
12.5239085239	6	-1	7
18.1514018692	10	1	9
15.0085106383	1	-1	2
16.979338843	11	1	10
14.4485294118	0	-3	3
11.9037800687	2	-3	5
19.3571428571	7	0	7
22.2323943662	1	0	1
12.1041162228	7	-16	23
12.0223463687	9	-6	15
14.1634146341	8	-3	11
18.0557768924	8	-2	10
12.2101449275	3	0	3
8.57547169811	1	0	1
11.7430555556	3	0	3
15.7032967033	12	-9	21
11.7055837563	3	-1	4
20.89	3	0	3
21.1034482759	2	-3	5
17.3568281938	5	1	4
12.9979705733	26	-8	34
12.1256281407	4	0	4
17.4334532374	4	-4	8
13.7303370787	9	-1	10
15.3188405797	4	-2	6
16.6745182013	2	-6	8
14.0552147239	1	-2	3
13.3333333333	4	0	4
8.17	2	2	0
23.7328094303	7	-4	11
10.8578680203	3	-3	6
22.671875	1	-2	3
10.7753623188	14	-7	21
10.5377358491	1	-1	2
12.8991825613	6	0	6
36.7952755906	9	-1	10
21.8063157895	9	-1	10
10.8213507625	10	-9	19
14.1302816901	3	0	3
10.1203703704	3	1	2
29.7	2	-1	3
20.4455445545	3	1	2
16.5225225225	2	-1	3
20.4018691589	2	0	2
12.9546599496	3	-7	10
12.9910714286	4	2	2
9.56086956522	1	-3	4
25.9724770642	3	1	2
13.2283333333	11	-10	21
20.4320987654	4	1	3
12.2369747899	5	-10	15
11.6186046512	4	-2	6
12.1578947368	8	-1	9
17.0494699647	3	-1	4
21.7852049911	30	6	24
13.3197674419	3	-1	4
12.3425605536	7	-4	11
19.4885844749	17	-8	25
10.5523255814	8	2	6
14.4247787611	12	-4	16
10.6855345912	4	-4	8
29.5869918699	16	-7	23
6.53191489362	1	-2	3
18.9118198874	13	-1	14
28.306122449	9	5	4
11.7915407855	3	1	2
12.1809045226	5	-3	8
20.4246575342	1	0	1
10.2568807339	7	-14	21
15.5546334716	20	4	16
11.6778947368	3	-4	7
11.215034965	7	-6	13
10.6887417219	4	-1	5
9.80172413793	1	-1	2
10.8914728682	2	-1	3
25.9666958808	20	-2	22
10.9815668203	0	0	0
14.1682242991	3	3	0
18.2142857143	5	2	3
15.688172043	3	-4	7
12.7374274662	26	-8	34
13.5837104072	4	1	3
12.8812392427	5	-3	8
12.1212121212	7	-2	9
17.5434782609	7	2	5
15.2248995984	3	-6	9
12.5524861878	2	-2	4
12.2767527675	2	0	2
15.7272727273	14	-5	19
17.1996086106	7	-4	11
12.9527896996	2	-1	3
19.9338235294	4	-1	5
12.235483871	22	-4	26
12.5585585586	1	-2	3
9.77586206897	2	0	2
10.9653333333	5	-1	6
13.1732954545	7	2	5
18.5620155039	10	-1	11
7.46551724138	0	0	0
16.133105802	4	0	4
14.3783783784	4	1	3
9.73529411765	0	-1	1
8.46153846154	2	1	1
21.7564469914	19	5	14
10.0228310502	5	2	3
9.20574162679	1	-2	3
13.089047195	10	-14	24
9.27338129496	3	0	3
8.30652173913	3	-5	8
14.1617647059	2	-2	4
13.507751938	3	1	2
9.81609195402	3	-1	4
19.9685658153	22	-1	23
13.175	3	0	3
13.568359375	6	-2	8
13.9517923362	10	-4	14
13.0697674419	2	-1	3
14.3320683112	8	1	7
9.3475	2	0	2
7.87837837838	3	-1	4
15.9630390144	9	4	5
11.592920354	2	0	2
19.1464646465	7	2	5
9.9297752809	3	-3	6
21.4444444444	1	1	0
9.61074705111	5	-13	18
12.2792792793	10	1	9
9.28841607565	2	-2	4
8.26219512195	2	-7	9
9.78861788618	1	-1	2
14.3365384615	0	-1	1
12.5161290323	1	-1	2
9.43843843844	4	-2	6
10.9651741294	3	0	3
22.4112903226	2	-3	5
10.2276422764	5	-3	8
39.2571428571	9	-16	25
18.9337016575	4	1	3
9.27586206897	2	-6	8
10.6638176638	6	-2	8
10.6224489796	4	-1	5
12.0363247863	4	-7	11
17.4518518519	4	0	4
13.2718894009	2	-3	5
6.35087719298	0	0	0
10.6431718062	4	-7	11
10.7741935484	3	-3	6
12.781512605	1	-1	2
12.0427350427	20	-1	21
9.8	0	-2	2
15.3669064748	5	-6	11
12.0836012862	5	-2	7
15.1278846154	15	-3	18
21.1103603604	7	-2	9
42.8516129032	14	-2	16
24.7857142857	4	1	3
45.131147541	6	0	6
26.2980769231	3	0	3
29.7085714286	16	11	5
13.6666666667	3	0	3
14.5680751174	4	-3	7
32.7384196185	29	-2	31
25.6064516129	2	1	1
17.2148626817	12	-4	16
30.8333333333	6	2	4
17.8615384615	5	1	4
18.3223443223	3	0	3
19.2829900839	27	2	25
27.9202453988	9	6	3
25.7950191571	9	-2	11
30.3029925187	19	-8	27
20.6677740864	12	4	8
19.2941176471	14	0	14
19.7648456057	7	-4	11
20.2190305206	13	0	13
10.5670995671	2	-2	4
17.8199608611	12	7	5
26.4919354839	3	-2	5
16.2749140893	9	5	4
26.7282608696	9	0	9
51.5416666667	2	2	0
16.4348341232	10	-17	27
26.0518234165	12	1	11
17.3902912621	5	-9	14
27.1338028169	5	2	3
32.8095238095	6	0	6
24.5365853659	2	-2	4
13.9220779221	4	0	4
15.3333333333	4	-1	5
21.88	3	-1	4
13.1195219124	2	-2	4
190.480072464	60	38	22
21.5329949239	6	2	4
27.4186915888	6	-3	9
25.1340782123	10	1	9
18.4429223744	4	2	2
17.9546391753	8	-6	14
27.6503067485	3	0	3
13.0840336134	3	-1	4
25.9907692308	12	5	7
37.7945492662	11	-2	13
16.9107981221	5	0	5
28.3053435115	4	1	3
25.8884120172	12	-6	18
12.7353361946	23	-5	28
11.6111111111	1	-2	3
16.1004784689	5	-3	8
18.9275634995	14	-4	18
28.649122807	11	-1	12
9.86607142857	0	0	0
36.8014981273	2	-3	5
39.904109589	7	5	2
42.0333333333	3	0	3
27.7788461538	2	-1	3
12.1696428571	1	-2	3
21.3055555556	5	-4	9
16.7564102564	3	-1	4
16.9022222222	2	-3	5
22.5427385892	18	-17	35
46.3609467456	6	1	5
18.5226586103	10	-4	14
31.2524752475	3	-1	4
31.5317725753	9	3	6
17.5246478873	3	0	3
42.8183292782	66	28	38
35.9005847953	6	2	4
27.6049822064	13	1	12
16.5308641975	13	-10	23
26.1329305136	7	3	4
28.7619047619	23	5	18
26.1241830065	9	-2	11
21.8060897436	18	-1	19
7.32773109244	2	-1	3
52.6706114398	23	11	12
32.6853146853	4	1	3
25.2222222222	7	4	3
22.4923857868	9	0	9
42.5373134328	5	2	3
17.0974477958	12	-12	24
31.8248974008	24	7	17
27.7680525164	7	-1	8
21.4723707665	11	-2	13
35.3931034483	3	-1	4
28.4444444444	4	0	4
20.1145038168	3	0	3
17.432885906	3	-1	4
17.8165137615	4	0	4
19.5625	4	-2	6
25.6691449814	6	-1	7
122.928735632	60	20	40
14.4633027523	4	0	4
29.4108391608	14	4	10
23.5818181818	13	4	9
25.1674208145	6	0	6
18.7821782178	7	-7	14
21.7624309392	5	4	1
16.4102564103	4	-2	6
24.9438202247	13	1	12
43.1206225681	8	-3	11
24.2599118943	3	-3	6
36.7328244275	5	1	4
15.9015873016	16	-6	22
15.1030383091	26	6	20
15.2522522523	0	-1	1
41.6057692308	5	2	3
22.8039215686	4	3	1
26.1804170444	17	-17	34
45.135193133	15	-8	23
17.8965517241	1	0	1
26.3972125436	3	1	2
36.5446428571	8	3	5
12.6890756303	1	0	1
25.5982142857	3	0	3
6.98305084746	2	-1	3
17.1760391198	4	-9	13
19.632034632	5	1	4
17.7863247863	3	-2	5
20.3243243243	6	2	4
15.151391162	13	-9	22
17.6781609195	4	0	4
11.0160818713	7	-4	11
22.1924882629	5	0	5
16.6865203762	6	0	6
16.2283737024	4	0	4
22.2706983441	35	1	34
14.7701149425	4	0	4
14.8730434783	7	-4	11
16.6822742475	12	-14	26
15.5426136364	5	-2	7
12.9703832753	11	-3	14
14.9077568134	5	2	3
15.5496062992	9	-14	23
9.86614173228	2	-2	4
18.3295454545	13	5	8
28.2466666667	3	0	3
13.636627907	6	0	6
10.1990049751	4	-3	7
30.2517482517	4	1	3
13.1361079865	6	-11	17
21.0978552279	20	0	20
15.8197573657	4	-6	10
14.6375	3	-1	4
15.9083333333	2	1	1
7.19117647059	1	0	1
17.0721153846	14	7	7
15.4009009009	1	0	1
16.1302325581	2	-2	4
14.9450171821	4	0	4
35.1356113187	67	26	41
19.9330357143	5	-1	6
20.6947368421	11	2	9
15.6817042607	9	0	9
16.0532786885	5	1	4
10.8958742633	3	-7	10
19.0944444444	8	4	4
15.8698884758	3	-1	4
16.6459459459	11	2	9
12.1245210728	2	-5	7
14.5622317597	3	-1	4
19.1655172414	3	-1	4
16.2060041408	12	-8	20
11.1568627451	24	3	21
16.7105263158	0	-1	1
23.1764705882	2	0	2
12.6170212766	5	-3	8
30.5531167691	21	-7	28
23.8594059406	12	-1	13
19.1724137931	1	0	1
14.7707641196	2	-2	4
14.0643776824	6	0	6
